,ID,SMILES,IC50 (uM)
0,5311,C1=CC=C(C=C1)NC(=O)CCCCCCC(=O)NO,0.035
1,444732,C[C@H](/C=C(\C)/C=C/C(=O)NO)C(=O)C1=CC=C(C=C1)N(C)C,0.096
2,3121,CCCC(CCC)C(=O)O,102.74
3,164609075,C1=CC=C(C=C1)N2C(=NN=C2SCC3=CC=C(C=C3)C(=O)NO)C4=CC=NC=C4,9.76
4,164610004,CCN1C(=NN=C1SCCCCCC(=O)NC2=CC=CC=C2N)C3=CC=NC=C3,27.13
5,164611431,CN1C(=NN=C1SCCCCCC(=O)NO)C2=CC=NC=C2,0.09
6,164613059,CN1C(=NN=C1SCC2=CC=C(C=C2)C(=O)NC3=CC=CC=C3N)C4=CC=NC=C4,12.97
7,164613288,C=CCN1C(=NN=C1SCCCCCC(=O)O)C2=CC=NC=C2,10.12
8,164614861,CN1C(=NN=C1SCCCCCC(=O)O)C2=CC=NC=C2,7.36
9,164615117,C=CCN1C(=NN=C1SCC2=CC=C(C=C2)C(=O)NC3=CC=CC=C3N)C4=CC=NC=C4,1.28
10,164616422,CCN1C(=NN=C1SCCCCCC(=O)O)C2=CC=NC=C2,26.39
11,164617449,CN1C(=NN=C1SCC2=CC=C(C=C2)C(=O)NO)C3=CC=NC=C3,4.35
12,164618088,C=CCN1C(=NN=C1SCCCCCC(=O)NO)C2=CC=NC=C2,11.72
13,164619142,CCN1C(=NN=C1SCCCCCC(=O)NO)C2=CC=NC=C2,28.93
14,164619368,C=CCN1C(=NN=C1SCC2=CC=C(C=C2)C(=O)NO)C3=CC=NC=C3,11.19
15,164619568,CCN1C(=NN=C1SCC2=CC=C(C=C2)C(=O)NO)C3=CC=NC=C3,30.39
16,164621002,C=CCN1C(=NN=C1SCCCCCC(=O)NC2=CC=CC=C2N)C3=CC=NC=C3,1.4
17,164621264,C1=CC=C(C=C1)N2C(=NN=C2SCCCCCC(=O)O)C3=CC=NC=C3,0.64
18,164623524,C1=CC=C(C=C1)N2C(=NN=C2SCC3=CC=C(C=C3)C(=O)NC4=CC=CC=C4N)C5=CC=NC=C5,8.39
19,164624585,CN1C(=NN=C1SCCCCCC(=O)NC2=CC=CC=C2N)C3=CC=NC=C3,14.36
20,164627185,C1=CC=C(C=C1)N2C(=NN=C2SCCCCCC(=O)NC3=CC=CC=C3N)C4=CC=NC=C4,38.73
21,164627615,C1=CC=C(C=C1)N2C(=NN=C2SCCCCCC(=O)NO)C3=CC=NC=C3,32.36
22,164627790,CCN1C(=NN=C1SCC2=CC=C(C=C2)C(=O)NC3=CC=CC=C3N)C4=CC=NC=C4,40.07
23,11556677,CCC(=O)CCCCC[C@@H](C1=NC=C(N1)C2=CC3=CC=CC=C3N=C2OC)NC(=O)C4CN(C4)C,0.007
24,155907155,CCCC[C@@H](C1=NC=C(N1)C2=CC3=CC=CC=C3N=C2OC)NC(=O)C4CN(C4)C,0.75
25,164610915,CCCC[C@@H](C1=NC=C(N1)C2=CC3=CC=CC=C3N=C2OC)NC(=O)CC4=CNC5=C4C=C(C=C5)OC,0.5
26,155907156,CCCC[C@@H](C1=NC=C(N1)C2=CC3=CC=CC=C3N=C2OC)NC(=O)[C@H](C)C4=C(NC5=C4C=C(C=C5)O)C,0.087
27,164614437,C[C@@H](C1=NC=C(N1)C2=CC3=CC=CC=C3N=C2OC)NC(=O)C4CN(C4)C,>50
28,164614621,CN1CC(C1)C(=O)NCC2=NC=C(N2)C3=CC4=CC=CC=C4N=C3OC,>50
29,164616411,CC[C@@H](C1=NC=C(N1)C2=CC3=CC=CC=C3N=C2OC)NC(=O)C4CN(C4)C,>50
30,164619017,CCCC[C@@H](C1=NC=C(N1)C2=CC3=CC=CC=C3N=C2OC)NC(=O)[C@H](C)C4=C(NC5=C4C=C(C=C5)OC)C,0.12
31,164619315,CCCC[C@@H](C1=NC=C(N1)C2=CC3=CC=CC=C3N=C2OC)NC(=O)[C@H](CN)C4=C(NC5=C4C=C(C=C5)O)C,0.005
32,164619879,CC[C@H](C)[C@H]1C(=O)N2CCCC[C@@H]2C(=O)N[C@@H](C(=O)N[C@@H](C(=O)N1)CC3=CN(C4=CC=CC=C43)OC)CCCCCC(=O)CC,0.009
33,164625443,CCC[C@@H](C1=NC=C(N1)C2=CC3=CC=CC=C3N=C2OC)NC(=O)C4CN(C4)C,3.4
34,164625803,CCCCCCCC[C@@H](C1=NC=C(N1)C2=CC3=CC=CC=C3N=C2OC)NC(=O)C4CN(C4)C,>50
35,164625922,CCCC[C@@H](C1=NC=C(N1)C2=CC3=CC=CC=C3N=C2OC)NC(=O)CC4=CNC5=CC=CC=C54,2.7
36,164627330,CCCC[C@@H](C1=NC=C(N1)C2=CC3=CC=CC=C3N=C2OC)NC(=O)[C@H](CN)C4=C(NC5=C4C=C(C=C5)OC)C,0.041
37,164627737,CCCCC[C@@H](C1=NC=C(N1)C2=CC3=CC=CC=C3N=C2OC)NC(=O)C4CN(C4)C,>17
38,6675804,C1[C@@H](O[C@@H](O[C@@H]1C2=CC=C(C=C2)CO)C3=CC=C(C=C3)NC(=O)CCCCCCC(=O)NO)CSC4=NC(=C(O4)C5=CC=CC=C5)C6=CC=CC=C6,6.27
39,49850262,CN1CCC2=C(C1)C3=CC=CC=C3N2CC4=CC=C(C=C4)C(=O)NO,>30
40,71462653,CCCCN(CC1=CC=C(C=C1)C(=O)NO)C(=O)NC2=CC=CC=C2,6.92
41,53340666,C1=CC=C(C=C1)N(C2=CC=CC=C2)C3=NC=C(C=N3)C(=O)NCCCCCCC(=O)NO,0.048
42,71532921,C1=CC=C(C=C1)N(CCO)C(=O)CC2=CC=C(C=C2)C(=O)NO,4.4
43,164627446,CC(C)(C)OC(=O)NC1=CC=C(C=C1)C2=CC(=NO2)NC(=O)CCCCCCC(=O)NO,0.252
44,5311,C1=CC=C(C=C1)NC(=O)CCCCCCC(=O)NO,0.013
45,164609294,C1=CC2=NC(=CN2C=C1)C3=CC(=CC=C3)C4=NC5=C(N4)C=C(C=C5)/C(=N\O)/N,0.4
46,164609642,CC(C)(C)NC1=C(N=C2N1C=CC=C2)C3=CC(=CC=C3)C(=O)NC4=C(C=C(C=C4)F)N,>10
47,164611293,CC(C)(C)NC1=C(N=C2N1C=CC=C2)C3=CC=C(C=C3)C4=NOC(=N4)C(F)(F)F,>10
48,164612605,CC(C)(C)NC1=C(N=C2N1C=CN=C2)C3=CC(=CC=C3)C4=NC5=C(N4)C=C(C=C5)C6=NOC(=N6)C(F)(F)F,>10
49,164620433,CC(C)(C)NC1=C(N=C2N1C=CC=C2)C3=CC(=CC=C3)C4=NC5=C(N4)C=C(C=C5)C6=NOC(=N6)C(F)(F)F,>10
50,164626703,C1CN(CC1NC(=O)C2=CC=C(C=C2)C3=NOC(=N3)C(F)(F)F)CC4=CC=CC=C4,0
51,5311,C1=CC=C(C=C1)NC(=O)CCCCCCC(=O)NO,1.6
52,6918638,C1=CC=C(C=C1)NS(=O)(=O)C2=CC=CC(=C2)/C=C/C(=O)NO,0.47
53,11556677,CCC(=O)CCCCC[C@@H](C1=NC=C(N1)C2=CC3=CC=CC=C3N=C2OC)NC(=O)C4CN(C4)C,0.2
54,155907155,CCCC[C@@H](C1=NC=C(N1)C2=CC3=CC=CC=C3N=C2OC)NC(=O)C4CN(C4)C,17
55,164610915,CCCC[C@@H](C1=NC=C(N1)C2=CC3=CC=CC=C3N=C2OC)NC(=O)CC4=CNC5=C4C=C(C=C5)OC,0.86
56,155907156,CCCC[C@@H](C1=NC=C(N1)C2=CC3=CC=CC=C3N=C2OC)NC(=O)[C@H](C)C4=C(NC5=C4C=C(C=C5)O)C,0.24
57,164614437,C[C@@H](C1=NC=C(N1)C2=CC3=CC=CC=C3N=C2OC)NC(=O)C4CN(C4)C,>40
58,164614621,CN1CC(C1)C(=O)NCC2=NC=C(N2)C3=CC4=CC=CC=C4N=C3OC,>40
59,164616411,CC[C@@H](C1=NC=C(N1)C2=CC3=CC=CC=C3N=C2OC)NC(=O)C4CN(C4)C,>40
60,164619017,CCCC[C@@H](C1=NC=C(N1)C2=CC3=CC=CC=C3N=C2OC)NC(=O)[C@H](C)C4=C(NC5=C4C=C(C=C5)OC)C,0.3
61,164619315,CCCC[C@@H](C1=NC=C(N1)C2=CC3=CC=CC=C3N=C2OC)NC(=O)[C@H](CN)C4=C(NC5=C4C=C(C=C5)O)C,1.3
62,164619879,CC[C@H](C)[C@H]1C(=O)N2CCCC[C@@H]2C(=O)N[C@@H](C(=O)N[C@@H](C(=O)N1)CC3=CN(C4=CC=CC=C43)OC)CCCCCC(=O)CC,0.12
63,164625443,CCC[C@@H](C1=NC=C(N1)C2=CC3=CC=CC=C3N=C2OC)NC(=O)C4CN(C4)C,11
64,164625803,CCCCCCCC[C@@H](C1=NC=C(N1)C2=CC3=CC=CC=C3N=C2OC)NC(=O)C4CN(C4)C,>40
65,164625922,CCCC[C@@H](C1=NC=C(N1)C2=CC3=CC=CC=C3N=C2OC)NC(=O)CC4=CNC5=CC=CC=C54,40
66,164627330,CCCC[C@@H](C1=NC=C(N1)C2=CC3=CC=CC=C3N=C2OC)NC(=O)[C@H](CN)C4=C(NC5=C4C=C(C=C5)OC)C,0.88
67,164627737,CCCCC[C@@H](C1=NC=C(N1)C2=CC3=CC=CC=C3N=C2OC)NC(=O)C4CN(C4)C,>40
68,5311,C1=CC=C(C=C1)NC(=O)CCCCCCC(=O)NO,2
69,6918638,C1=CC=C(C=C1)NS(=O)(=O)C2=CC=CC(=C2)/C=C/C(=O)NO,1.3
70,11556677,CCC(=O)CCCCC[C@@H](C1=NC=C(N1)C2=CC3=CC=CC=C3N=C2OC)NC(=O)C4CN(C4)C,0.71
71,155907156,CCCC[C@@H](C1=NC=C(N1)C2=CC3=CC=CC=C3N=C2OC)NC(=O)[C@H](C)C4=C(NC5=C4C=C(C=C5)O)C,2.1
72,164619315,CCCC[C@@H](C1=NC=C(N1)C2=CC3=CC=CC=C3N=C2OC)NC(=O)[C@H](CN)C4=C(NC5=C4C=C(C=C5)O)C,4.5
73,164619879,CC[C@H](C)[C@H]1C(=O)N2CCCC[C@@H]2C(=O)N[C@@H](C(=O)N[C@@H](C(=O)N1)CC3=CN(C4=CC=CC=C43)OC)CCCCCC(=O)CC,5.4
74,164627330,CCCC[C@@H](C1=NC=C(N1)C2=CC3=CC=CC=C3N=C2OC)NC(=O)[C@H](CN)C4=C(NC5=C4C=C(C=C5)OC)C,2.3
75,5311,C1=CC=C(C=C1)NC(=O)CCCCCCC(=O)NO,1.9
76,6918638,C1=CC=C(C=C1)NS(=O)(=O)C2=CC=CC(=C2)/C=C/C(=O)NO,0.62
77,11556677,CCC(=O)CCCCC[C@@H](C1=NC=C(N1)C2=CC3=CC=CC=C3N=C2OC)NC(=O)C4CN(C4)C,1
78,155907156,CCCC[C@@H](C1=NC=C(N1)C2=CC3=CC=CC=C3N=C2OC)NC(=O)[C@H](C)C4=C(NC5=C4C=C(C=C5)O)C,3.2
79,164619315,CCCC[C@@H](C1=NC=C(N1)C2=CC3=CC=CC=C3N=C2OC)NC(=O)[C@H](CN)C4=C(NC5=C4C=C(C=C5)O)C,7.4
80,164619879,CC[C@H](C)[C@H]1C(=O)N2CCCC[C@@H]2C(=O)N[C@@H](C(=O)N[C@@H](C(=O)N1)CC3=CN(C4=CC=CC=C43)OC)CCCCCC(=O)CC,0.59
81,164627330,CCCC[C@@H](C1=NC=C(N1)C2=CC3=CC=CC=C3N=C2OC)NC(=O)[C@H](CN)C4=C(NC5=C4C=C(C=C5)OC)C,4.8
82,5311,C1=CC=C(C=C1)NC(=O)CCCCCCC(=O)NO,0.1125
83,49850262,CN1CCC2=C(C1)C3=CC=CC=C3N2CC4=CC=C(C=C4)C(=O)NO,8.6745
84,164611457,C1=CC=C(C=C1)CC2C(=O)N(C(=O)N2CC3=CC=CC=N3)CC4=CC=C(C=C4)C(=O)NO,5.081
85,164613482,C1C(=O)N(C(=O)N1CC2=CC=C(C=C2)Cl)CC3=CC=C(C=C3)C(=O)NO,1.082
86,164613902,C1=CC=C(C=C1)CC2C(=O)N(C(=O)N2CC3=CC=C(C=C3)Cl)CC4=CC=C(C=C4)C(=O)NO,8.2639
87,164625625,C1=CC=C(C=C1)CC2C(=O)N(C(=O)N2CC3=CN=CC=C3)CC4=CC=C(C=C4)C(=O)NO,12.3144
88,5311,C1=CC=C(C=C1)NC(=O)CCCCCCC(=O)NO,0.04
89,141733188,C1=CC=C2C(=C1)N(C3=CC=CC=C3S2)CC4=CC=C(C=C4)C(=O)NO,14.96
90,155535974,C1=CC=C2C(=C1)N(C3=C(S2)C=CC(=C3)C(F)(F)F)CC4=CC=C(C=C4)C(=O)NO,0.84
91,155536301,C1=CC=C2C(=C1)N(C3=CC=CC=C3S2=O)CC4=CC=C(C=C4)C(=O)NO,2.76
92,155546107,C1=CC=C2C(=C1)N(C3=C(S2)C=CC(=C3)Cl)CC4=CC=C(C=C4)C(=O)NO,0.29
93,155553215,COC1=CC2=C(C=C1)SC3=CC=CC=C3N2CC4=CC=C(C=C4)C(=O)NO,0.35
94,162673723,C1=CC=C2C(=C1)C(=C3C=C(C=CC3=N2)Br)NC4=CC=C(C=C4)C(=O)NO,0.16
95,164609512,C/C(=N\O)/C1=CC2=C(C=C1)S(=O)C3=CC=CC=C3N2CC4=CC=C(C=C4)C(=O)NO,1.62
96,164611961,COC1=CC2=C(C=C1)S(=O)C3=CC=CC=C3N2CC4=CC=C(C=C4)C(=O)NO,1.93
97,164613147,CC1=CN=C(C=C1)NC(=O)C2=CC3=C(C=C2)SC4=CC=CC=C4N3CC5=CC=C(C=C5)C(=O)NO,0.08
98,164616061,C1=CC=C2C(=C1)N(C3=C(S2=O)C=CC(=C3)C(=O)N)CC4=CC=C(C=C4)C(=O)NO,1.69
99,164617889,C1=CC=C2C(=C1)N(C3=C(S2)C=CC(=C3)C(=O)NC4=CC=CC=N4)CC5=CC=C(C=C5)C(=O)NO,0.04
100,164618031,C1=CC=C2C(=C1)N(C3=C(S2)C=CC(=C3)C(=O)N)CC4=CC=C(C=C4)/C=C/C(=O)NO,0.02
101,164619071,CSC1=CC2=C(C=C1)S(=O)C3=CC=CC=C3N2CC4=CC=C(C=C4)C(=O)NO,1.68
102,164625429,C1=CC=C2C(=C1)N(C3=C(S2)C=CC(=C3)C(=O)N)CC4=CC=C(C=C4)C(=O)NO,0.1
103,164625685,C1=CC=C2C(=C1)N(C3=C(S2=O)C=CC(=C3)Cl)CC4=CC=C(C=C4)C(=O)NO,1
104,164626034,C/C(=N\O)/C1=CC2=C(C=C1)SC3=CC=CC=C3N2CC4=CC=C(C=C4)C(=O)NO,0.33
105,164626486,C1=CC=C2C(=C1)N(C3=C(S2)C=CC(=C3)C(=O)NC4=NC=C(C=C4)Br)CC5=CC=C(C=C5)C(=O)NO,0.03
106,164627475,C1=CC=C2C(=C1)N(C3=C(S2=O)C=CC(=C3)C(F)(F)F)CC4=CC=C(C=C4)C(=O)NO,2.12
107,164629157,CSC1=CC2=C(C=C1)SC3=CC=CC=C3N2CC4=CC=C(C=C4)C(=O)NO,0.68
108,5311,C1=CC=C(C=C1)NC(=O)CCCCCCC(=O)NO,0.17
109,141733188,C1=CC=C2C(=C1)N(C3=CC=CC=C3S2)CC4=CC=C(C=C4)C(=O)NO,4.96
110,162673723,C1=CC=C2C(=C1)C(=C3C=C(C=CC3=N2)Br)NC4=CC=C(C=C4)C(=O)NO,0.48
111,164625429,C1=CC=C2C(=C1)N(C3=C(S2)C=CC(=C3)C(=O)N)CC4=CC=C(C=C4)C(=O)NO,1.1
112,5311,C1=CC=C(C=C1)NC(=O)CCCCCCC(=O)NO,0.026
113,164609349,C1=CNC2=NC=C(C=C21)C3=NN(C4=NC=NC(=C34)N)CCCCCCCCC(=O)NO,0.024
114,164609507,C1=CC2=C(C=C1C3=NN(C4=NC=NC(=C34)N)CCCCCCC(=O)NO)N=C(O2)N,0.0032
115,164623855,CNC(=O)CCCCCCCN1C2=NC=NC(=C2C(=N1)C3=CC4=C(C=C3)OC(=N4)N)N,0.0034
116,5311,C1=CC=C(C=C1)NC(=O)CCCCCCC(=O)NO,0.012
117,11626560,C[C@H](C1=C(C=CC(=C1Cl)F)Cl)OC2=C(N=CC(=C2)C3=CN(N=C3)C4CCNCC4)N,0
118,57379345,CC1=CC(=C(C=C1C2CCNCC2)OC(C)C)NC3=NC=C(C(=N3)NC4=CC=CC=C4S(=O)(=O)C(C)C)Cl,0
119,135565923,C[C@H]1CNC(=O)C2=C3N=C(C=CN3N=C2)N[C@@H](C4=C(O1)C=CC(=C4)F)C,0
120,164616925,CC(C)S(=O)(=O)C1=CC=CC=C1NC2=NC(=NC=C2Cl)NC3=CC=C(C=C3)NC(=O)CCCCCCC(=O)NO,0.0093
121,164617258,CC(C)S(=O)(=O)C1=CC=CC=C1NC2=NC(=NC=C2Cl)NC3=CC=C(C=C3)C(=O)NCCCCCCC(=O)NO,0.015
122,164617135,C1=CC=C2C(=C1)N(C3=CC=CC=C3S2)CC4=NC=C(C=C4)C(=O)NO.Cl,1.962
123,5311,C1=CC=C(C=C1)NC(=O)CCCCCCC(=O)NO,0.1125
124,49850262,CN1CCC2=C(C1)C3=CC=CC=C3N2CC4=CC=C(C=C4)C(=O)NO,8.6745
125,164611457,C1=CC=C(C=C1)CC2C(=O)N(C(=O)N2CC3=CC=CC=N3)CC4=CC=C(C=C4)C(=O)NO,5.081
126,164613482,C1C(=O)N(C(=O)N1CC2=CC=C(C=C2)Cl)CC3=CC=C(C=C3)C(=O)NO,1.082
127,164613902,C1=CC=C(C=C1)CC2C(=O)N(C(=O)N2CC3=CC=C(C=C3)Cl)CC4=CC=C(C=C4)C(=O)NO,8.2639
128,164625625,C1=CC=C(C=C1)CC2C(=O)N(C(=O)N2CC3=CN=CC=C3)CC4=CC=C(C=C4)C(=O)NO,12.3144
129,163322242,CN1CCN(CC1)C2=NC(=NC3=C2C=CC(=C3)Cl)C4=CC=C(C=C4)C(=O)NO,0.3743
130,156011362,CCC(=O)CCCCC[C@@H](C1=NC=C(N1)C2=CC3=CC=CC=C3N=C2OC)NC(=O)[C@H]4CC45CCN(CC5)CC,0.749
131,162506897,CCC(=O)CCCCC[C@@H](C1=NC=C(N1)C2=CC3=NC=NN3C=C2)NC(=O)[C@H]4CC45CCN(CC5)C,0.249
132,162506674,CCC(=O)CCCCC[C@@H](C1=NC=C(N1)C2=CC3=CC=CC=C3N=C2)NC(=O)[C@H]4CC45CCN(CC5)C,0.0023
133,162649434,CCC(=O)CCCCC[C@@H](C1=NC=C(N1)C2=C(C=CC(=C2)C(F)(F)F)OC)NC(=O)[C@H]3CC34CCN(CC4)CC,0.016
134,162649990,CCC(=O)CCCCC[C@@H](C1=NC=C(N1)C2=C(N=C(C=C2)C)OC)NC(=O)[C@H]3CC34CCN(CC4)C,0.018
135,162653173,CCC(=O)CCCCC[C@@H](C1=NC=C(N1)C2=C(C(=CC=C2)F)OC)NC(=O)[C@H]3CC34CCN(CC4)CC,0.025
136,162653328,CCC(=O)CCCCC[C@@H](C1=NC=C(N1)C2=CC(=C(C=C2OC)F)C(C)C)NC(=O)[C@H]3CC34CCN(CC4)CC,0.279
137,162653738,CCC(=O)CCCCC[C@@H](C1=NC=C(N1)C2=C(C(=NC=C2)N3CCOCC3)F)NC(=O)[C@H]4CC45CCN(CC5)C,0.133
138,162653755,CCC(=O)CCCCC[C@@H](C1=NC=C(N1)C2=C(C=CC(=C2)Cl)OC)NC(=O)[C@H]3CC34CCN(CC4)CC,0.0018
139,162653763,CCC(=O)CCCCC[C@@H](C1=NC=C(N1)C2=C(N=CC=C2)OC)NC(=O)[C@H]3CC34CCN(CC4)CC,0.056
140,162653809,CCC(=O)CCCCC[C@@H](C1=NC=C(N1)C2=C(C(=CC=C2)Cl)OC)NC(=O)[C@H]3CC34CCN(CC4)CC,0.034
141,162653885,CCC(=O)CCCCC[C@@H](C1=NC=C(N1)C2=C(C=CC(=C2)C(C)C)OC)NC(=O)[C@H]3CC34CCN(CC4)CC,0.076
142,162654159,CCC(=O)CCCCC[C@@H](C1=NC=C(N1)C2=CC(=O)N(CC2)C)NC(=O)[C@H]3CC34CCN(CC4)C,1.664
143,162654449,CCC(=O)CCCCC[C@@H](C1=NC=C(N1)C2=CN=C(N=C2)OCC)NC(=O)[C@H]3CC34CCN(CC4)C,0.583
144,162654928,CCC(=O)CCCCC[C@@H](C1=NC=C(N1)C2=CN=C(C=C2)C3=CN=CC=C3)NC(=O)[C@H]4CC45CCN(CC5)C,0.014
145,162654936,CCC(=O)CCCCC[C@@H](C1=NC=C(N1)C2=C(N=C(C=C2)OC)OC)NC(=O)[C@H]3CC34CCN(CC4)CC,0.018
146,162655311,CCC(=O)CCCCC[C@@H](C1=NC=C(N1)C2=CC=C(C=C2)N3C(=CC(=N3)C)C)NC(=O)[C@H]4CC45CCN(CC5)C,0.07
147,162655734,CCC(=O)CCCCC[C@@H](C1=NC=C(N1)C2=C(C=CC=C2F)OC)NC(=O)[C@H]3CC34CCN(CC4)CC,0.37
148,162655735,CCC(=O)CCCCC[C@@H](C1=NC=C(N1)C2=C(C=C(C=C2)C(=O)NC3=NC=CC(=C3)C(F)(F)F)OC)NC(=O)[C@H]4CC45CCN(CC5)CC,0.087
149,162657089,CCC(=O)CCCCC[C@@H](C1=NC=C(N1)C2=C(C=C3C=C(OC3=C2)C(=O)OCC)OC)NC(=O)[C@H]4CC45CCN(CC5)CC,0.0091
150,162657130,CCC(=O)CCCCC[C@@H](C1=NC=C(N1)C2=C(C=CC(=C2)[N+](=O)[O-])OC)NC(=O)[C@H]3CC34CCN(CC4)CC,0.043
151,162506733,CCC(=O)CCCCC[C@@H](C1=NC=C(N1)C2=CC3=C(C=CC=N3)N=C2)NC(=O)[C@H]4CC45CCN(CC5)C,0.092
152,162657585,CCC(=O)CCCCC[C@@H](C1=NC=C(N1)C2=C(C=CC(=C2)F)OC)NC(=O)[C@H]3CC34CCN(CC4)CC,0.0094
153,162659197,CCC(=O)CCCCC[C@@H](C1=NC=C(N1)C2=CC=C(C=C2)C(=O)NC3CCOC3)NC(=O)[C@H]4CC45CCN(CC5)C,0.07
154,162662124,CCC(=O)CCCCC[C@@H](C1=NC=C(N1)C2=CN=C(N=C2)N3C=C(C=N3)C)NC(=O)[C@H]4CC45CCN(CC5)C,0.491
155,162662875,CCC(=O)CCCCC[C@@H](C1=NC=C(N1)C2=C(C=C(C=C2)Cl)OC)NC(=O)[C@H]3CC34CCN(CC4)CC,0.064
156,162663227,CCC(=O)CCCCC[C@@H](C1=NC=C(N1)C2=CCC(N=C2OC)C)NC(=O)[C@H]3CC34CCN(CC4)CC,0.0014
157,162669903,CCC(=O)CCCCC[C@@H](C1=NC=C(N1)C2=C(C=CC(=C2)C3CC3C(=O)OCC)OC)NC(=O)[C@H]4CC45CCN(CC5)CC,0.039
158,162670307,CCC(=O)CCCCC[C@@H](C1=NC=C(N1)C2=C(C=C(C=C2F)C(=O)NC3=NC=CC(=C3)C(F)(F)F)OC)NC(=O)[C@H]4CC45CCN(CC5)CC,0.32
159,162670894,CCC(=O)CCCCC[C@@H](C1=NC=C(N1)C2=CC(=C(C=C2OC)F)C(=O)OC)NC(=O)[C@H]3CC34CCN(CC4)CC,0.154
160,162671564,CCC(=O)CCCCC[C@@H](C1=NC=C(N1)C2=C(C=CC(=C2)C)OC)NC(=O)[C@H]3CC34CCN(CC4)CC,0.002
161,162672989,CCC(=O)CCCCC[C@@H](C1=NC=C(N1)C2=CC(=C(C=C2OC)F)F)NC(=O)[C@H]3CC34CCN(CC4)CC,0.027
162,162673789,CCC(=O)CCCCC[C@@H](C1=NC=C(N1)C2=C(C(=CC=C2)C(F)(F)F)OC)NC(=O)[C@H]3CC34CCN(CC4)CC,0.063
163,162674059,CCC(=O)CCCCC[C@@H](C1=NC=C(N1)C2=C(C(=CC(=C2)F)F)OC)NC(=O)[C@H]3CC34CCN(CC4)CC,0.027
164,162674484,CCC(=O)CCCCC[C@@H](C1=NC=C(N1)C2=C(C=CC(=C2)C#N)OC)NC(=O)[C@H]3CC34CCN(CC4)CC,0.062
165,162676857,CCC(=O)CCCCC[C@@H](C1=NC=C(N1)C2=C(C=CC(=C2F)F)OC)NC(=O)[C@H]3CC34CCN(CC4)CC,1.553
166,11947684,C/C=C\1/C(=O)N[C@H](C(=O)O[C@@H]\2CC(=O)N[C@@H](C(=O)N[C@H](CSSCC/C=C2)C(=O)N1)C(C)C)C(C)C,0.001
167,12136798,C1=CC(=CN=C1)/C=C/C(=O)NCC2=CC=C(C=C2)C(=O)NC3=C(C=C(C=C3)F)N,0.2
168,139035087,CCCCCCCCCCCCCCCCNNC(=O)C1=CC=CS1,>10
169,162676473,CC1=CN(N=C1CN2CCC(CC2)C3=CC=C(C=C3)C(=O)NC4=CC=CC=C4N)C,0.6
170,162643144,CCC(=O)CCCCC[C@@H](C1=C(N=C(N1)C2=CC=CC=C2)C(=O)N)NC(=O)C3CN(C3)C,0.0181
171,162644726,CCC(=O)CCCCC[C@@H](C1=C(N=C(N1)C2=CC=C(C=C2)F)C#N)NC(=O)C3=NOC=C3,0.164
172,162646027,CCC(=O)CCCCC[C@@H](C1=C(N=C(N1)C2=CC=C(C=C2)F)C#N)NC(=O)C34CCN(CC3)CC4,0.0269
173,162646379,CCC(=O)CCCCCC(C1=C(N=C(N1)C2=CC=CC=C2)C(=O)N)NC(=O)C3=CN=CS3,0.0267
174,162647783,CCC(=O)CCCCC[C@@H](C1=C(N=C(N1)C2=CC=C(C=C2)C3=CN=CC=C3)C#N)NC(=O)[C@H]4CC45CCN(CC5)C,0.0017
175,162648396,CCC(=O)CCCCC[C@@H](C1=C(N=C(N1)C2=CC=CC=C2F)C#N)NC(=O)[C@H]3CC34CCN(CC4)C,0.096
176,162650292,CCC(=O)CCCCC[C@@H](C1=C(N=C(N1)C2=CC=C(C=C2)F)C(=O)N)NC(=O)[C@H]3CC34CCN(CC4)C,0.0063
177,162651205,CCC(=O)CCCCC[C@@H](C1=C(N=C(N1)C2=C(N=CC=C2)OC)C#N)NC(=O)[C@H]3CC34CCN(CC4)C,0.229
178,162654809,CCC(=O)CCCCC[C@@H](C1=C(N=C(N1)C2=CC=C(C=C2)F)C#N)NC(=O)C3CN(C3)C,0.117
179,162655376,CCC(=O)CCCCC[C@@H](C1=C(N=C(N1)C2=CC=C(C=C2)F)C#N)NC(=O)CN(C)C,0.219
180,162657873,CCC(=O)CCCCC[C@@H](C1=C(N=C(N1)C2=CC=C(C=C2)F)C#N)NC(=O)[C@H]3CC34CCN(CC4)CC,0.0117
181,162658517,CCC(=O)CCCCC[C@@H](C1=C(N=C(N1)C2=CC3=C(C=C2)N=C(C=C3)C)C#N)NC(=O)[C@H]4CC45CCN(CC5)C,0.0015
182,162658869,CCC(=O)CCCCC[C@@H](C1=C(N=C(N1)C2=CC=C(C=C2)F)C#N)NC(=O)C3=CN=CS3,0.0513
183,162660526,CCC(=O)CCCCC[C@@H](C1=C(N=C(N1)C2=CC3=CN(N=C3C=C2)C)C#N)NC(=O)[C@H]4CC45CCN(CC5)C,0.0021
184,162660603,CCC(=O)CCCCCC(C1=C(N=C(N1)C2=CC=CC=C2)C(=O)NCCN(C)C)NC(=O)C3=CN=CS3,0.0531
185,162661059,CCC(=O)CCCCC[C@@H](C1=C(N=C(N1)C2=CC3=CC=CC=C3N=C2OC)C#N)NC(=O)[C@H]4CC45CCN(CC5)C,0.177
186,162663519,CCC(=O)CCCCC[C@@H](C1=C(N=C(N1)C2=CC=C(C=C2)F)C(=O)N)NC(=O)C3CN(C3)C,0.0344
187,162664608,CCC(=O)CCCCCC(C1=C(N=C(N1)C2=CC=CC=C2)C(=O)NC)NC(=O)C3=CN=CS3,0.0914
188,162665723,CCC(=O)CCCCC[C@@H](C1=C(N=C(N1)C2=CC=C(C=C2)F)C(=O)N)NC(=O)[C@H]3CC34CCN(CC4)CC,0.005
189,162506561,CCC(=O)CCCCC[C@@H](C1=C(N=C(N1)C2=CC=C(C=C2)F)C#N)NC(=O)[C@H]3CC34CCN(CC4)C,0.0197
190,162672814,CCC(=O)CCCCC[C@@H](C1=C(N=C(N1)C2=CC=C(C=C2)F)C(=O)N)NC(=O)C3CCOCC3,0.0738
191,162673504,CCC(=O)CCCCCC(C1=C(N=C(N1)C2=CC=CC=C2)C(=O)N3CCOCC3)NC(=O)C4=CN=CS4,0.159
192,162675870,CCC(=O)CCCCC[C@@H](C1=C(N=C(N1)C2=CC=C(C=C2)C(F)(F)F)C#N)NC(=O)[C@H]3CC34CCN(CC4)C,0.0156
193,162676078,CCC(=O)CCCCC[C@@H](C1=C(N=C(N1)C2=C(C=C(C=C2)F)F)C#N)NC(=O)[C@H]3CC34CCN(CC4)C,0.155
194,162643144,CCC(=O)CCCCC[C@@H](C1=C(N=C(N1)C2=CC=CC=C2)C(=O)N)NC(=O)C3CN(C3)C,0.294
195,162644726,CCC(=O)CCCCC[C@@H](C1=C(N=C(N1)C2=CC=C(C=C2)F)C#N)NC(=O)C3=NOC=C3,0.558
196,162646027,CCC(=O)CCCCC[C@@H](C1=C(N=C(N1)C2=CC=C(C=C2)F)C#N)NC(=O)C34CCN(CC3)CC4,1.731
197,162646379,CCC(=O)CCCCCC(C1=C(N=C(N1)C2=CC=CC=C2)C(=O)N)NC(=O)C3=CN=CS3,0.154
198,162647783,CCC(=O)CCCCC[C@@H](C1=C(N=C(N1)C2=CC=C(C=C2)C3=CN=CC=C3)C#N)NC(=O)[C@H]4CC45CCN(CC5)C,0.077
199,162648396,CCC(=O)CCCCC[C@@H](C1=C(N=C(N1)C2=CC=CC=C2F)C#N)NC(=O)[C@H]3CC34CCN(CC4)C,0.566
200,162650292,CCC(=O)CCCCC[C@@H](C1=C(N=C(N1)C2=CC=C(C=C2)F)C(=O)N)NC(=O)[C@H]3CC34CCN(CC4)C,0.166
201,162651205,CCC(=O)CCCCC[C@@H](C1=C(N=C(N1)C2=C(N=CC=C2)OC)C#N)NC(=O)[C@H]3CC34CCN(CC4)C,2.112
202,162654809,CCC(=O)CCCCC[C@@H](C1=C(N=C(N1)C2=CC=C(C=C2)F)C#N)NC(=O)C3CN(C3)C,1.564
203,162655376,CCC(=O)CCCCC[C@@H](C1=C(N=C(N1)C2=CC=C(C=C2)F)C#N)NC(=O)CN(C)C,1.605
204,162657873,CCC(=O)CCCCC[C@@H](C1=C(N=C(N1)C2=CC=C(C=C2)F)C#N)NC(=O)[C@H]3CC34CCN(CC4)CC,0.161
205,162658517,CCC(=O)CCCCC[C@@H](C1=C(N=C(N1)C2=CC3=C(C=C2)N=C(C=C3)C)C#N)NC(=O)[C@H]4CC45CCN(CC5)C,0.105
206,162658869,CCC(=O)CCCCC[C@@H](C1=C(N=C(N1)C2=CC=C(C=C2)F)C#N)NC(=O)C3=CN=CS3,0.254
207,162660526,CCC(=O)CCCCC[C@@H](C1=C(N=C(N1)C2=CC3=CN(N=C3C=C2)C)C#N)NC(=O)[C@H]4CC45CCN(CC5)C,0.247
208,162660603,CCC(=O)CCCCCC(C1=C(N=C(N1)C2=CC=CC=C2)C(=O)NCCN(C)C)NC(=O)C3=CN=CS3,1.142
209,162661059,CCC(=O)CCCCC[C@@H](C1=C(N=C(N1)C2=CC3=CC=CC=C3N=C2OC)C#N)NC(=O)[C@H]4CC45CCN(CC5)C,0.548
210,162663519,CCC(=O)CCCCC[C@@H](C1=C(N=C(N1)C2=CC=C(C=C2)F)C(=O)N)NC(=O)C3CN(C3)C,0.775
211,162664608,CCC(=O)CCCCCC(C1=C(N=C(N1)C2=CC=CC=C2)C(=O)NC)NC(=O)C3=CN=CS3,0.57
212,162665723,CCC(=O)CCCCC[C@@H](C1=C(N=C(N1)C2=CC=C(C=C2)F)C(=O)N)NC(=O)[C@H]3CC34CCN(CC4)CC,0.193
213,162506561,CCC(=O)CCCCC[C@@H](C1=C(N=C(N1)C2=CC=C(C=C2)F)C#N)NC(=O)[C@H]3CC34CCN(CC4)C,0.233
214,162672814,CCC(=O)CCCCC[C@@H](C1=C(N=C(N1)C2=CC=C(C=C2)F)C(=O)N)NC(=O)C3CCOCC3,1.834
215,162673504,CCC(=O)CCCCCC(C1=C(N=C(N1)C2=CC=CC=C2)C(=O)N3CCOCC3)NC(=O)C4=CN=CS4,2.729
216,162675870,CCC(=O)CCCCC[C@@H](C1=C(N=C(N1)C2=CC=C(C=C2)C(F)(F)F)C#N)NC(=O)[C@H]3CC34CCN(CC4)C,0.107
217,162676078,CCC(=O)CCCCC[C@@H](C1=C(N=C(N1)C2=C(C=C(C=C2)F)F)C#N)NC(=O)[C@H]3CC34CCN(CC4)C,1.233
218,162643144,CCC(=O)CCCCC[C@@H](C1=C(N=C(N1)C2=CC=CC=C2)C(=O)N)NC(=O)C3CN(C3)C,0.269
219,162644726,CCC(=O)CCCCC[C@@H](C1=C(N=C(N1)C2=CC=C(C=C2)F)C#N)NC(=O)C3=NOC=C3,2.726
220,162646027,CCC(=O)CCCCC[C@@H](C1=C(N=C(N1)C2=CC=C(C=C2)F)C#N)NC(=O)C34CCN(CC3)CC4,2.207
221,162646379,CCC(=O)CCCCCC(C1=C(N=C(N1)C2=CC=CC=C2)C(=O)N)NC(=O)C3=CN=CS3,0.537
222,162647783,CCC(=O)CCCCC[C@@H](C1=C(N=C(N1)C2=CC=C(C=C2)C3=CN=CC=C3)C#N)NC(=O)[C@H]4CC45CCN(CC5)C,0.055
223,162648396,CCC(=O)CCCCC[C@@H](C1=C(N=C(N1)C2=CC=CC=C2F)C#N)NC(=O)[C@H]3CC34CCN(CC4)C,1.162
224,162650292,CCC(=O)CCCCC[C@@H](C1=C(N=C(N1)C2=CC=C(C=C2)F)C(=O)N)NC(=O)[C@H]3CC34CCN(CC4)C,0.276
225,162651205,CCC(=O)CCCCC[C@@H](C1=C(N=C(N1)C2=C(N=CC=C2)OC)C#N)NC(=O)[C@H]3CC34CCN(CC4)C,1.669
226,162654809,CCC(=O)CCCCC[C@@H](C1=C(N=C(N1)C2=CC=C(C=C2)F)C#N)NC(=O)C3CN(C3)C,2.071
227,162655376,CCC(=O)CCCCC[C@@H](C1=C(N=C(N1)C2=CC=C(C=C2)F)C#N)NC(=O)CN(C)C,3.532
228,162657873,CCC(=O)CCCCC[C@@H](C1=C(N=C(N1)C2=CC=C(C=C2)F)C#N)NC(=O)[C@H]3CC34CCN(CC4)CC,0.259
229,162658517,CCC(=O)CCCCC[C@@H](C1=C(N=C(N1)C2=CC3=C(C=C2)N=C(C=C3)C)C#N)NC(=O)[C@H]4CC45CCN(CC5)C,0.097
230,162658869,CCC(=O)CCCCC[C@@H](C1=C(N=C(N1)C2=CC=C(C=C2)F)C#N)NC(=O)C3=CN=CS3,1.111
231,162660526,CCC(=O)CCCCC[C@@H](C1=C(N=C(N1)C2=CC3=CN(N=C3C=C2)C)C#N)NC(=O)[C@H]4CC45CCN(CC5)C,0.322
232,162660603,CCC(=O)CCCCCC(C1=C(N=C(N1)C2=CC=CC=C2)C(=O)NCCN(C)C)NC(=O)C3=CN=CS3,0.853
233,162661059,CCC(=O)CCCCC[C@@H](C1=C(N=C(N1)C2=CC3=CC=CC=C3N=C2OC)C#N)NC(=O)[C@H]4CC45CCN(CC5)C,1.351
234,162663519,CCC(=O)CCCCC[C@@H](C1=C(N=C(N1)C2=CC=C(C=C2)F)C(=O)N)NC(=O)C3CN(C3)C,0.643
235,162664608,CCC(=O)CCCCCC(C1=C(N=C(N1)C2=CC=CC=C2)C(=O)NC)NC(=O)C3=CN=CS3,1.804
236,162665723,CCC(=O)CCCCC[C@@H](C1=C(N=C(N1)C2=CC=C(C=C2)F)C(=O)N)NC(=O)[C@H]3CC34CCN(CC4)CC,0.165
237,162506561,CCC(=O)CCCCC[C@@H](C1=C(N=C(N1)C2=CC=C(C=C2)F)C#N)NC(=O)[C@H]3CC34CCN(CC4)C,0.409
238,162672814,CCC(=O)CCCCC[C@@H](C1=C(N=C(N1)C2=CC=C(C=C2)F)C(=O)N)NC(=O)C3CCOCC3,1.504
239,162673504,CCC(=O)CCCCCC(C1=C(N=C(N1)C2=CC=CC=C2)C(=O)N3CCOCC3)NC(=O)C4=CN=CS4,3.771
240,162675870,CCC(=O)CCCCC[C@@H](C1=C(N=C(N1)C2=CC=C(C=C2)C(F)(F)F)C#N)NC(=O)[C@H]3CC34CCN(CC4)C,0.175
241,162676078,CCC(=O)CCCCC[C@@H](C1=C(N=C(N1)C2=C(C=C(C=C2)F)F)C#N)NC(=O)[C@H]3CC34CCN(CC4)C,1.26
242,162646563,C1CC2=C(C1)C(=CC=C2)C(=O)NCCCC[C@@H](C3=NC=C(N3)C4=CC5=CC=CC=C5C=C4)NC(=O)C6=CN=CS6,>45
243,162647432,CNC1=CC=CC=C1C(=O)NCCCC[C@@H](C2=NC=C(N2)C3=CC4=CC=CC=C4C=C3)NC(=O)C5=CN=CS5,>45
244,162647804,COC1=NC2=CC=CC=C2C=C1C3=CN=C(N3)[C@H](CCCCNC(=O)C4=CC=CC=C4SC)NC(=O)C5=CN=CS5,>45
245,162648180,C1=CC=C2C=C(C=CC2=C1)C3=CN=C(N3)[C@H](CCCCNC(=O)C4=CC=CC=C4S)NC(=O)C5=CN=CS5,18
246,162650166,C1=CC=C2C=C(C=CC2=C1)C3=CN=C(N3)[C@H](CCCCNC(=O)C4=CC=CC=C4N5C=CC=C5)NC(=O)C6=CN=CS6,>45
247,162650606,C1=CC=C2C=C(C=CC2=C1)C3=CN=C(N3)[C@H](CCCCNC(=O)C4=CC=CC=C4OCC(F)(F)F)NC(=O)C5=CN=CS5,>45
248,162651646,C1=CC=C2C=C(C=CC2=C1)C3=CN=C(N3)[C@H](CCCCNC(=O)C4=C(C=CC=C4F)N)NC(=O)C5=CN=CS5,0.061
249,162652074,C1=CC=C2C=C(C=CC2=C1)C3=CN=C(N3)[C@H](CCCCNC(=O)C4=CC=CC=C4OC(F)(F)F)NC(=O)C5=CN=CS5,>45
250,162652548,COC1=CC=CC(=C1C(=O)NCCCC[C@@H](C2=NC=C(N2)C3=CC4=CC=CC=C4C=C3)NC(=O)C5=CN=CS5)O,>45
251,162652809,C1=CC=C2C=C(C=CC2=C1)C3=CN=C(N3)[C@H](CCCCNC(=O)C4=CC=CC=C4O)NC(=O)C5=CN=CS5,0.029
252,162653358,C1CC1C2=CC=CC=C2C(=O)NCCCC[C@@H](C3=NC=C(N3)C4=CC5=CC=CC=C5C=C4)NC(=O)C6=CN=CS6,29
253,162653743,C1=CC=C2C=C(C=CC2=C1)C3=CN=C(N3)[C@H](CCCCNC(=O)C4=CC=CC=C4C#N)NC(=O)C5=CN=CS5,>45
254,155289404,C1=CC=C2C=C(C=CC2=C1)C3=CN=C(N3)[C@H](CCCCNC(=O)C4=C(C=CC=C4F)O)NC(=O)C5=CN=CS5,0.029
255,162657535,CS(=O)C1=CC=CC=C1C(=O)NCCCC[C@@H](C2=NC=C(N2)C3=CC4=CC=CC=C4C=C3)NC(=O)C5=CN=CS5,43
256,162658937,COC1=CC=CC=C1C(=O)NCCCC[C@@H](C2=NC=C(N2)C3=CC4=CC=CC=C4C=C3)NC(=O)C5=CN=CS5,7.7
257,162661061,COC1=CC(=C(C=C1)C(=O)NCCCC[C@@H](C2=NC=C(N2)C3=CC4=CC=CC=C4C=C3)NC(=O)C5=CN=CS5)O,1.9
258,162661669,C1=CC=C2C=C(C=CC2=C1)C3=CN=C(N3)[C@H](CCCCNC(=O)C4=CC=CC=C4Cl)NC(=O)C5=CN=CS5,>45
259,155289405,CSC1=CC=CC=C1C(=O)NCCCC[C@@H](C2=NC=C(N2)C3=CC4=CC=CC=C4C=C3)NC(=O)C5=CN=CS5,31
260,162661908,COC1=NC2=CC=CC=C2C=C1C3=NN=C(O3)[C@H](CCCCNC(=O)C4=CC=CC=C4SC)NC(=O)C5=CN=CS5,>45
261,162665019,C1=CC=C2C=C(C=CC2=C1)C3=CN=C(N3)[C@H](CCCCNC(=O)C4=C(C=CC=N4)O)NC(=O)C5=CN=CS5,0.07
262,162667143,C1=CC=C2C=C(C=CC2=C1)C3=CN=C(N3)[C@H](CCCCNC(=O)C4=C(C=CC=N4)N)NC(=O)C5=CN=CS5,>45
263,162667559,COC1=CC(=C(C=C1)O)C(=O)NCCCC[C@@H](C2=NC=C(N2)C3=CC4=CC=CC=C4C=C3)NC(=O)C5=CN=CS5,0.76
264,162667926,CCC1=CC=CC=C1C(=O)NCCCC[C@@H](C2=NC=C(N2)C3=CC4=CC=CC=C4C=C3)NC(=O)C5=CN=CS5,>45
265,162671545,COC1=C(C(=CC=C1)F)C(=O)NCCCC[C@@H](C2=NC=C(N2)C3=CC4=CC=CC=C4C=C3)NC(=O)C5=CN=CS5,40
266,162672568,COC1=CC=CC(=C1O)C(=O)NCCCC[C@@H](C2=NC=C(N2)C3=CC4=CC=CC=C4C=C3)NC(=O)C5=CN=CS5,>45
267,162673655,CN(C)C1=CC=CC=C1C(=O)NCCCC[C@@H](C2=NC=C(N2)C3=CC4=CC=CC=C4C=C3)NC(=O)C5=CN=CS5,>45
268,162674495,CCSC1=CC=CC=C1C(=O)NCCCC[C@@H](C2=NC=C(N2)C3=CC4=CC=CC=C4C=C3)NC(=O)C5=CN=CS5,>45
269,4261,C1=CC=C(C(=C1)N)NC(=O)C2=CC=C(C=C2)CNC(=O)OCC3=CN=CC=C3,0.613
270,162661379,COC1=CC(=CC(=C1)CNC2=NC(=NC3=C2C=CN3)NCC4=CC=C(C=C4)C(=O)NC5=CC=CC=C5N)OC,0.481
271,162674252,COC1=CC=C(C=C1)CNC2=C3C=CN(C3=NC(=N2)N)CC4=CC=C(C=C4)C(=O)NC5=CC=CC=C5N,0.407
272,5311,C1=CC=C(C=C1)NC(=O)CCCCCCC(=O)NO,0.034
273,145983855,C1=CC=C2C(=C1)C(=C3C=CC=CC3=N2)NC4=CC=C(C=C4)CCC(=O)NO,0.1
274,162651817,C1=CC=C2C(=C1)C(=C3C=C(C=CC3=N2)OC(F)(F)F)NC4=CC=C(C=C4)C(=O)NO,0.67
275,162652310,COC1=NC2=C(C3=C(C=C(C=C3)Cl)N=C2C=C1)NC4=CC=C(C=C4)C(=O)NO,0.8
276,162652776,C1=CC=C2C(=C1)C(=CC=N2)NC3=CC=C(C=C3)C(=O)NO,0.6
277,162653512,C1=CC=C2C(=C1)C(=C3C=CC=CC3=N2)NC4=CC=CC(=C4)C(=O)NO,>40
278,162653917,COC1=CC2=NC3=CC=CC=C3C(=C2C(=C1OC)OC)NC4=CC=C(C=C4)C(=O)NO,0.81
279,162656473,C1=CC=C2C(=C1)C(=C3C=C(C=CC3=N2)F)NC4=CC=C(C=C4)C(=O)NO,0.25
280,162656816,C1=CC=C2C(=C1)C(=C3C=CC=CC3=N2)NC4=CC=C(C=C4)CC(=O)NO,2.07
281,162659066,C1=CC=C(C=C1)COC2=CC3=C(C4=CC=CC=C4N=C3C=C2)NC5=CC=C(C=C5)C(=O)NO,3.5
282,162660161,C1=CC=C2C(=C1)C(=C3C=CC=CC3=N2)NC4=CC=C(C=C4)C(=O)NO,0.55
283,162673723,C1=CC=C2C(=C1)C(=C3C=C(C=CC3=N2)Br)NC4=CC=C(C=C4)C(=O)NO,0.16
284,162677045,C1CCC2=NC3=CC=CC=C3C(=C2C1)NC4=CC=C(C=C4)C(=O)NO,40
285,5311,C1=CC=C(C=C1)NC(=O)CCCCCCC(=O)NO,0.091
286,162660161,C1=CC=C2C(=C1)C(=C3C=CC=CC3=N2)NC4=CC=C(C=C4)C(=O)NO,1.57
287,162673723,C1=CC=C2C(=C1)C(=C3C=C(C=CC3=N2)Br)NC4=CC=C(C=C4)C(=O)NO,0.48
288,162660161,C1=CC=C2C(=C1)C(=C3C=CC=CC3=N2)NC4=CC=C(C=C4)C(=O)NO,7.96
289,162660161,C1=CC=C2C(=C1)C(=C3C=CC=CC3=N2)NC4=CC=C(C=C4)C(=O)NO,0
290,162673723,C1=CC=C2C(=C1)C(=C3C=C(C=CC3=N2)Br)NC4=CC=C(C=C4)C(=O)NO,0.58
291,162673723,C1=CC=C2C(=C1)C(=C3C=C(C=CC3=N2)Br)NC4=CC=C(C=C4)C(=O)NO,0
292,5311,C1=CC=C(C=C1)NC(=O)CCCCCCC(=O)NO,0.0456
293,137353054,C1=CC=C(C=C1)C2=C(C(=O)N(N2)C3=NC(=CS3)C4=CC=C(C=C4)C(=O)O)N=NC5=NC=CS5,>10
294,162643761,C1=CC=C(C=C1)C2=C(C(=O)N(N2)C3=NC(=CS3)C4=CC=C(C=C4)OCC5=CC=C(C=C5)/C=C/C(=O)NO)N=NC6=NC=CS6,0.2437
295,162644191,C1=CC=C(C=C1)C2=C(C(=O)N(N2)C3=NC(=CS3)C4=CC=C(C=C4)C(=O)NCCCCC(=O)NO)N=NC5=NC=CS5,0.2074
296,162653935,C1=CC=C(C=C1)C2=C(C(=O)N(N2)C3=NC(=CS3)C4=CC=C(C=C4)C(=O)NCCCCCCC(=O)NO)N=NC5=NC=CS5,0.0988
297,162654446,C1=CC=C(C=C1)C2=C(C(=O)N(N2)C3=NC(=CS3)C4=CC=C(C=C4)C(=O)N=O)NNC5=NC=CS5,0.5774
298,162655464,C1=CC=C(C=C1)C2=C(C(=O)N(N2)C3=NC(=CS3)C4=CC=C(C=C4)OCCCCCCC(=O)NO)N=NC5=NC=CS5,0.0408
299,162658370,C1=CC=C(C=C1)C2=C(C(=O)N(N2)C3=NC(=CS3)C4=CC=C(C=C4)OCCCCCC(=O)NO)N=NC5=NC=CS5,0.0758
300,162659199,C1=CC=C(C=C1)C2=C(C(=O)N(N2)C3=NC(=CS3)C4=CC=C(C=C4)OCCCC(=O)NO)N=NC5=NC=CS5,0.6748
301,162662919,C1=CC=C(C=C1)C2=C(C(=O)N(N2)C3=NC(=CS3)C4=CC=C(C=C4)C(=O)NCCCCCC(=O)NO)N=NC5=NC=CS5,0.0875
302,162663695,C1=CC=C(C=C1)C2=C(C(=O)N(N2)C3=NC(=CS3)C4=CC=C(C=C4)OCC5=CC=C(C=C5)C(=O)NO)N=NC6=NC=CS6,0.085
303,162666047,C1=CC=C(C=C1)C2=C(C(=O)N(N2)C3=NC(=CS3)C4=CC=C(C=C4)OCCCCCCCC(=O)NO)N=NC5=NC=CS5,0.1352
304,3857348,C1=CC=C(C=C1)C2=CSC(=N2)N3C(=O)C(=C(N3)C4=CC=CC=C4)N=NC5=NC=CS5,>10
305,162669606,C1=CC=C(C=C1)C2=C(C(=O)N(N2)C3=NC(=CS3)C4=CC=C(C=C4)C(=O)NCC5=CC=C(C=C5)/C=C/C(=O)NO)N=NC6=NC=CS6,1.3415
306,162673027,C1=CC=C(C=C1)C2=C(C(=O)N(N2)C3=NC(=CS3)C4=CC=C(C=C4)C(=O)NCC5=CC=C(C=C5)C(=O)NO)N=NC6=NC=CS6,0.0628
307,162675394,C1=CC=C(C=C1)C2=C(C(=O)N(N2)C3=NC(=CS3)C4=CC=C(C=C4)OCCCCC(=O)NO)N=NC5=NC=CS5,0.1185
308,5311,C1=CC=C(C=C1)NC(=O)CCCCCCC(=O)NO,0.1289
309,3857348,C1=CC=C(C=C1)C2=CSC(=N2)N3C(=O)C(=C(N3)C4=CC=CC=C4)N=NC5=NC=CS5,
310,162673027,C1=CC=C(C=C1)C2=C(C(=O)N(N2)C3=NC(=CS3)C4=CC=C(C=C4)C(=O)NCC5=CC=C(C=C5)C(=O)NO)N=NC6=NC=CS6,0.1979
311,4261,C1=CC=C(C(=C1)N)NC(=O)C2=CC=C(C=C2)CNC(=O)OCC3=CN=CC=C3,0.613
312,162664149,C1=CC=C(C(=C1)N)NC(=O)C2=CC=C(C=C2)CN3C=CC4=C(N=C(N=C43)N)NC5=CC(=C(C=C5)F)Cl,1.46
313,162664727,CC1=C(NN=C1)NC2=C3C(=NC(=N2)Cl)N(C=N3)CC4=CC=C(C=C4)C(=O)NC5=CC=CC=C5N,0.739
314,162664919,C1=CC=C(C(=C1)N)NC(=O)C2=CC=C(C=C2)CN3C=NC4=C3N=C(N=C4Cl)N,0.761
315,162665210,C1=CC=C(C(=C1)N)NC(=O)C2=CC=C(C=C2)CN3C=CC4=C3N=C(N=C4Cl)Cl,6.51
316,162666240,C1=CC=C(C(=C1)N)NC(=O)C2=CC=C(C=C2)CN3C=NC4=C(N=C(N=C43)Cl)NC5=CC(=C(C=C5)F)Cl,3.78
317,162668663,COC1=CC(=CC(=C1)NC2=C3C(=NC(=N2)N)N(C=N3)CC4=CC=C(C=C4)C(=O)NC5=CC=CC=C5N)OC,0.179
318,162670784,C1=CC=C(C(=C1)N)NC(=O)C2=CC=C(C=C2)CN3C=NC4=C(N=C(N=C43)N)NC5=CC(=C(C=C5)F)Cl,0.585
319,162671387,C1=CC(=CC=C1CN2C=CC3=C2N=C(N=C3Cl)N)C(=O)NC4=C(C=CC(=C4)F)N,1.15
320,162672667,C1=CC=C(C(=C1)N)NC(=O)C2=CC=C(C=C2)CN3C=NC4=C(N=C(N=C43)Cl)NC5=CC=C(C=C5)C(=O)NO,1.45
321,162647432,CNC1=CC=CC=C1C(=O)NCCCC[C@@H](C2=NC=C(N2)C3=CC4=CC=CC=C4C=C3)NC(=O)C5=CN=CS5,>4
322,162648180,C1=CC=C2C=C(C=CC2=C1)C3=CN=C(N3)[C@H](CCCCNC(=O)C4=CC=CC=C4S)NC(=O)C5=CN=CS5,>40
323,162651646,C1=CC=C2C=C(C=CC2=C1)C3=CN=C(N3)[C@H](CCCCNC(=O)C4=C(C=CC=C4F)N)NC(=O)C5=CN=CS5,0.84
324,162652548,COC1=CC=CC(=C1C(=O)NCCCC[C@@H](C2=NC=C(N2)C3=CC4=CC=CC=C4C=C3)NC(=O)C5=CN=CS5)O,>40
325,162652809,C1=CC=C2C=C(C=CC2=C1)C3=CN=C(N3)[C@H](CCCCNC(=O)C4=CC=CC=C4O)NC(=O)C5=CN=CS5,0.62
326,155289404,C1=CC=C2C=C(C=CC2=C1)C3=CN=C(N3)[C@H](CCCCNC(=O)C4=C(C=CC=C4F)O)NC(=O)C5=CN=CS5,0.324
327,162658937,COC1=CC=CC=C1C(=O)NCCCC[C@@H](C2=NC=C(N2)C3=CC4=CC=CC=C4C=C3)NC(=O)C5=CN=CS5,>40
328,162661061,COC1=CC(=C(C=C1)C(=O)NCCCC[C@@H](C2=NC=C(N2)C3=CC4=CC=CC=C4C=C3)NC(=O)C5=CN=CS5)O,>40
329,155289405,CSC1=CC=CC=C1C(=O)NCCCC[C@@H](C2=NC=C(N2)C3=CC4=CC=CC=C4C=C3)NC(=O)C5=CN=CS5,>40
330,162665019,C1=CC=C2C=C(C=CC2=C1)C3=CN=C(N3)[C@H](CCCCNC(=O)C4=C(C=CC=N4)O)NC(=O)C5=CN=CS5,22
331,162667143,C1=CC=C2C=C(C=CC2=C1)C3=CN=C(N3)[C@H](CCCCNC(=O)C4=C(C=CC=N4)N)NC(=O)C5=CN=CS5,>40
332,162667559,COC1=CC(=C(C=C1)O)C(=O)NCCCC[C@@H](C2=NC=C(N2)C3=CC4=CC=CC=C4C=C3)NC(=O)C5=CN=CS5,40
333,162671545,COC1=C(C(=CC=C1)F)C(=O)NCCCC[C@@H](C2=NC=C(N2)C3=CC4=CC=CC=C4C=C3)NC(=O)C5=CN=CS5,>40
334,162672568,COC1=CC=CC(=C1O)C(=O)NCCCC[C@@H](C2=NC=C(N2)C3=CC4=CC=CC=C4C=C3)NC(=O)C5=CN=CS5,>40
335,5311,C1=CC=C(C=C1)NC(=O)CCCCCCC(=O)NO,0.08128
336,162663441,CC1=CC(=CC(=C1OCCCCCC(=O)NO)C)C2=NC3=C(C(=CC(=C3)OC)OC)C(=N2)N4CCN(CC4)C,0.09732
337,162671396,CC1=CC(=CC(=C1OCCCCCC(=O)NO)C)C2=NC3=C(C(=CC(=C3)OC)OC)C(=N2)N4CCS(=O)(=O)CC4,0.1359
338,162506662,CCC(=O)CCCCC[C@@H](C1=NC=C(N1)C2=CN(C3=CC=CC=C32)C)NC(=O)[C@H]4CC45CCN(CC5)C,0.0029
339,162506897,CCC(=O)CCCCC[C@@H](C1=NC=C(N1)C2=CC3=NC=NN3C=C2)NC(=O)[C@H]4CC45CCN(CC5)C,0.35
340,162506674,CCC(=O)CCCCC[C@@H](C1=NC=C(N1)C2=CC3=CC=CC=C3N=C2)NC(=O)[C@H]4CC45CCN(CC5)C,0.0042
341,162649990,CCC(=O)CCCCC[C@@H](C1=NC=C(N1)C2=C(N=C(C=C2)C)OC)NC(=O)[C@H]3CC34CCN(CC4)C,0.019
342,162653738,CCC(=O)CCCCC[C@@H](C1=NC=C(N1)C2=C(C(=NC=C2)N3CCOCC3)F)NC(=O)[C@H]4CC45CCN(CC5)C,0.179
343,162654159,CCC(=O)CCCCC[C@@H](C1=NC=C(N1)C2=CC(=O)N(CC2)C)NC(=O)[C@H]3CC34CCN(CC4)C,1.586
344,162654449,CCC(=O)CCCCC[C@@H](C1=NC=C(N1)C2=CN=C(N=C2)OCC)NC(=O)[C@H]3CC34CCN(CC4)C,0.749
345,162654928,CCC(=O)CCCCC[C@@H](C1=NC=C(N1)C2=CN=C(C=C2)C3=CN=CC=C3)NC(=O)[C@H]4CC45CCN(CC5)C,0.03
346,162655311,CCC(=O)CCCCC[C@@H](C1=NC=C(N1)C2=CC=C(C=C2)N3C(=CC(=N3)C)C)NC(=O)[C@H]4CC45CCN(CC5)C,0.064
347,162506733,CCC(=O)CCCCC[C@@H](C1=NC=C(N1)C2=CC3=C(C=CC=N3)N=C2)NC(=O)[C@H]4CC45CCN(CC5)C,0.161
348,162659197,CCC(=O)CCCCC[C@@H](C1=NC=C(N1)C2=CC=C(C=C2)C(=O)NC3CCOC3)NC(=O)[C@H]4CC45CCN(CC5)C,0.054
349,162662773,CCC(=O)CCCCC[C@@H](C1=NC=C(N1)C2=CC3=C(C=C2)NC4=CC=CC=C43)NC(=O)[C@H]5CC56CCN(CC6)C,0.0011
350,25067557,CN1C=C(C2=CC=CC=C21)CNCC3CCN(CC3)C4=NC=C(C=N4)C(=O)NO.Cl,0.0011
351,162659127,C1CN(CCC12CCN(C2)CC3=CNC4=CC=CC=C43)C5=NC=C(C=N5)C(=O)NO.Cl,0.0018
352,71462653,CCCCN(CC1=CC=C(C=C1)C(=O)NO)C(=O)NC2=CC=CC=C2,0.276
353,145971506,C1=CC=C(C=C1)NC(=O)N(CCCCO)CC2=CC=C(C=C2)C(=O)NO,0.268
354,154699463,C1=CC(=CC=C1CN)NC(=O)N(CCCCO)CC2=CC=C(C=C2)C(=O)NO,0.176
355,162657468,CCCCN(CC1=CC=C(C=C1)C(=O)NO)C(=O)NC2=CC=C(C=C2)CN,0.281
356,5311,C1=CC=C(C=C1)NC(=O)CCCCCCC(=O)NO,0.166
357,162651274,C[C@]12CC[C@](C[C@H]1C3=CC(=O)[C@H]4[C@]([C@@]3(CC2)C)(CC[C@@H]5[C@@]4(C=C(C(=O)C5(C)C)C#N)C)C)(C)C(=O)N6CCN(CC6)C7=CC=C(C=C7)NC(=O)CCCCCCC(=O)NO,4.83
358,162640823,C1CN(CCC1CN[C@H]2C[C@@H]2C3=CC=CC=C3)CCCC4=CC=C(C=C4)C(=O)NO,3.95
359,130345472,C1CC2=C(C=CC(=C2)Cl)N(C1)CC3=CC=C(C=C3)C(=O)NO,0.282
360,156024937,C1CC2=C(C=CC(=C2)C(=O)N)N(C1)CC3=CC=C(C=C3)C(=O)NO,0.14
361,444732,C[C@H](/C=C(\C)/C=C/C(=O)NO)C(=O)C1=CC=C(C=C1)N(C)C,0.0395
362,156010681,C1CC2=CC=CC=C2N(C3=C1C=CC(=C3)Cl)CCCNC(=O)CCCCCCCCC(=O)NO,3.03
363,156011963,C1CC2=CC=CC=C2N(C3=C1C=CC(=C3)Cl)CCCNC(=O)CCCCCCC(=O)NO,0
364,156012912,C1CC2=CC=CC=C2N(C3=C1C=CC(=C3)Cl)CCCNCC4=CC=C(C=C4)C(=O)NO,0
365,156013576,C1CC2=CC=CC=C2N(C3=C1C=CC(=C3)Cl)CCCNC(=O)CCCC(=O)NO,5.96
366,156014152,C1CC2=CC=CC=C2N(C3=C1C=CC(=C3)Cl)CCCNC(=O)CCCCCC(=O)NO,3.96
367,156014407,C1CC2=CC=CC=C2N(C3=C1C=CC(=C3)Cl)CCCNCC4=CC=C(C=C4)/C=C/C(=O)NO,6.62
368,156015873,C1CC2=CC=CC=C2N(C3=C1C=CC(=C3)Cl)CCCNC(=O)C4=CC=C(C=C4)C(=O)NO,8.62
369,156016469,C1CC2=CC=CC=C2N(C3=C1C=CC(=C3)Cl)CCCNC(=O)CCCCCCCC(=O)NO,2.74
370,156018870,C1CC2=CC=CC=C2N(C3=C1C=CC(=C3)Cl)CCCNC(=O)CCC(=O)NO,0
371,156020492,C1CC2=CC=CC=C2N(C3=C1C=CC(=C3)Cl)CCCNC(=O)CCCCC(=O)NO,9.62
372,156021102,C1CC2=CC=CC=C2N(C3=C1C=CC(=C3)Cl)CCCNS(=O)(=O)C4=CC=C(C=C4)/C=C/C(=O)NO,0
373,156022065,C1CC2=CC=CC=C2N(C3=C1C=CC(=C3)Cl)CCCNS(=O)(=O)C4=CC=CC(=C4)/C=C/C(=O)NO,8.48
374,5311,C1=CC=C(C=C1)NC(=O)CCCCCCC(=O)NO,0.135
375,156012347,CN(C)S(=O)(=O)C1=CC=C(C2=NON=C12)NCCCCCC(=O)NO,0.205
376,156014451,CC(C)CC(C(=O)NO)NC(=O)NCCCCCNC1=CC=C(C2=NON=C12)S(=O)(=O)N(C)C,>100
377,156018697,CN(C)S(=O)(=O)C1=CC=C(C2=NON=C12)NCCCCCNC(=O)NCC(=O)NO,7.58
378,156021695,CN(C)S(=O)(=O)C1=CC=C(C2=NON=C12)NCCCCCCC(=O)NO,0.109
379,5311,C1=CC=C(C=C1)NC(=O)CCCCCCC(=O)NO,0.178
380,156012347,CN(C)S(=O)(=O)C1=CC=C(C2=NON=C12)NCCCCCC(=O)NO,0.357
381,156021695,CN(C)S(=O)(=O)C1=CC=C(C2=NON=C12)NCCCCCCC(=O)NO,0.304
382,146317434,CN1CC(C1)C(=O)N[C@@H](CCCCCC(=O)C2=NOC=C2)C3=NC=C(O3)C4=CC=CC=C4F,0.00082
383,146317609,CN1CC(C1)C(=O)N[C@@H](CCCCCC(=O)C2=NC=CO2)C3=NC=C(N3)C4=CC=C(C=C4)F,0.0071
384,155924154,CC1=COC(=N1)C(=O)CCCCC[C@@H](C2=NC=C(N2)C3=CC=C(C=C3)F)NC(=O)C4CCN(CC4)C,0.05
385,156010930,C1=CC(=CC=C1N2C=C(C=N2)[C@H](CCCCCC(=O)C3=NOC=C3)N)F,0.061
386,146317396,C1=CC=C(C(=C1)C2=CN=C(N2)[C@H](CCCCCC(=O)C3=COC=N3)N)F,0.74
387,155925380,C1=CC=C(C(=C1)C2=CC(=NO2)[C@H](CCCCCC(=O)C3=NOC=C3)N)F,0.021
388,155925379,CC1=CC(=NO1)C(=O)CCCCC[C@@H](C2=NC=C(N2)C3=CC=CC=C3F)NC(=O)C4CN(C4)C,0.00076
389,156013288,CC1=C(C=NO1)C(=O)CCCCC[C@@H](C2=NC=C(N2)C3=CC4=CC=CC=C4N=C3OC)N,1.3
390,156013864,COC1=NC2=CC=CC=C2C=C1C3=CN=C(N3)[C@H](CCCCCC(=O)C4=NC=CN4)N,4.9
391,146317294,CN1CC(C1)C(=O)N[C@@H](CCCCCC(=O)C2=NOC=C2)C3=NC=C(N3)C4=CC=CC=C4F,0.00047
392,155925021,C1=CC(=CC=C1N2C=CC(=N2)[C@H](CCCCCC(=O)C3=NOC=C3)N)F,0.086
393,156017747,C1=CC(=CC=C1N2N=CC(=N2)[C@H](CCCCCC(=O)C3=NOC=C3)N)F,0.081
394,146317418,C1=CC=C(C(=C1)C2=CN=C(N2)[C@H](CCCCCC(=O)C3=NOC=C3)N)F,0.0085
395,156018320,COC1=NC2=CC=CC=C2C=C1C3=CN=C(N3)[C@H](CCCCCC(=O)C4=CC=NN4)N,0.7
396,146317278,CN1CC(C1)C(=O)N[C@@H](CCCCCC(=O)C2=NOC=C2)C3=NN=C(O3)C4=CC=CC=C4F,0.101
397,156021459,COC1=NC2=CC=CC=C2C=C1C3=CN=C(N3)[C@H](CCCCCC(=O)C4=NC=C(O4)CO)N,0.47
398,155925141,CN1CCC(CC1)C(=O)N[C@@H](CCCCCC(=O)C2=NC=CS2)C3=NC=C(N3)C4=CC=C(C=C4)F,0.024
399,87331269,CN1CCC(CC1)C(=O)N[C@@H](CCCCCC(=O)C2=CC=CC=N2)C3=NC=C(N3)C4=CC=CC=C4,0.24
400,5311,C1=CC=C(C=C1)NC(=O)CCCCCCC(=O)NO,1.6
401,146317434,CN1CC(C1)C(=O)N[C@@H](CCCCCC(=O)C2=NOC=C2)C3=NC=C(O3)C4=CC=CC=C4F,0.014
402,146317609,CN1CC(C1)C(=O)N[C@@H](CCCCCC(=O)C2=NC=CO2)C3=NC=C(N3)C4=CC=C(C=C4)F,0.039
403,155924154,CC1=COC(=N1)C(=O)CCCCC[C@@H](C2=NC=C(N2)C3=CC=C(C=C3)F)NC(=O)C4CCN(CC4)C,2.3
404,156010930,C1=CC(=CC=C1N2C=C(C=N2)[C@H](CCCCCC(=O)C3=NOC=C3)N)F,4.3
405,146317396,C1=CC=C(C(=C1)C2=CN=C(N2)[C@H](CCCCCC(=O)C3=COC=N3)N)F,>40
406,155925380,C1=CC=C(C(=C1)C2=CC(=NO2)[C@H](CCCCCC(=O)C3=NOC=C3)N)F,1.7
407,155925379,CC1=CC(=NO1)C(=O)CCCCC[C@@H](C2=NC=C(N2)C3=CC=CC=C3F)NC(=O)C4CN(C4)C,0.02
408,156013288,CC1=C(C=NO1)C(=O)CCCCC[C@@H](C2=NC=C(N2)C3=CC4=CC=CC=C4N=C3OC)N,0
409,156013864,COC1=NC2=CC=CC=C2C=C1C3=CN=C(N3)[C@H](CCCCCC(=O)C4=NC=CN4)N,0
410,146317294,CN1CC(C1)C(=O)N[C@@H](CCCCCC(=O)C2=NOC=C2)C3=NC=C(N3)C4=CC=CC=C4F,0.0047
411,155925021,C1=CC(=CC=C1N2C=CC(=N2)[C@H](CCCCCC(=O)C3=NOC=C3)N)F,1.4
412,156017747,C1=CC(=CC=C1N2N=CC(=N2)[C@H](CCCCCC(=O)C3=NOC=C3)N)F,3.6
413,146317418,C1=CC=C(C(=C1)C2=CN=C(N2)[C@H](CCCCCC(=O)C3=NOC=C3)N)F,0.178
414,156018320,COC1=NC2=CC=CC=C2C=C1C3=CN=C(N3)[C@H](CCCCCC(=O)C4=CC=NN4)N,17
415,146317278,CN1CC(C1)C(=O)N[C@@H](CCCCCC(=O)C2=NOC=C2)C3=NN=C(O3)C4=CC=CC=C4F,2.1
416,156021459,COC1=NC2=CC=CC=C2C=C1C3=CN=C(N3)[C@H](CCCCCC(=O)C4=NC=C(O4)CO)N,20
417,155925141,CN1CCC(CC1)C(=O)N[C@@H](CCCCCC(=O)C2=NC=CS2)C3=NC=C(N3)C4=CC=C(C=C4)F,2.8
418,87331269,CN1CCC(CC1)C(=O)N[C@@H](CCCCCC(=O)C2=CC=CC=N2)C3=NC=C(N3)C4=CC=CC=C4,0
419,6918801,CC(C)C(C1=CC=CC=C1)C(=O)NC2=CC=C(C=C2)C(=O)NO,0.044
420,156009684,C1COCCC1(C2=CC=C(C=C2)Br)C(=O)NC3=CC=C(C=C3)C(=O)NO,0.017
421,156011452,CN(C)C1=CC=C(C=C1)C2(CCCC2)C(=O)NC3=CC=C(C=C3)C(=O)NO,0.049
422,156014913,C1CCC(CC1)(C2=CC=C(C=C2)C3=CNN=C3)C(=O)NC4=CC=C(C=C4)C(=O)NO,0.01
423,156015352,C1CCC(C1)(C2=CN=C(N2)C3=CC=CC=C3)C(=O)NC4=CC=C(C=C4)C(=O)NO,0.021
424,156015592,C1CCC(C1)(C2=CC=C(C=C2)C3=CC(=CC=C3)C(=O)O)C(=O)NC4=CC=C(C=C4)C(=O)NO,0.013
425,156016822,C1COCCC1(C2=CC3=CC=CC=C3C=C2)C(=O)NC4=CC=C(C=C4)C(=O)NO,0.008
426,5311,C1=CC=C(C=C1)NC(=O)CCCCCCC(=O)NO,0.92
427,34244817,CC1=CC(=C(C(=O)N1)CNC(=O)C2=C(N(N=C2)C3=CC=CC=C3)C)C,0
428,156010365,CC1=CC(=C(C(=O)N1)CNC(=O)C2=C(N(C(=C2)C)C3=CC=CC(=C3)NC(=O)CCCCCCC(=O)NO)C)C,1.33
429,156013097,CC1=CC(=C(C(=O)N1)CNC(=O)C2=C(N(N=C2)C3=CC=CC(=C3)NC(=O)CCCCCCC(=O)NO)C)C,2.36
430,20776362,C1=NC(=C2C(=N1)N(C=N2)[C@H]3[C@@H]([C@@H]([C@H](O3)COP(=O)(O)SCC[C@@H](C(=O)O)N)O)O)N,0
431,156016556,CC1=CC(=C(C(=O)N1)CNC(=O)C2=C(N(C(=C2)C)C3=CC=CC=C3)C)C,0
432,156009802,CCC(=O)CCCCC[C@@H](C1=NC=C(N1)C2=CC3=CC=CC=C3N=C2OC)NC(=O)[C@H]4CC45CCCN(C5)C,0.0185
433,149682244,CCC(=O)CCCCC[C@@H](C1=NC=C(N1)C2=CC3=CC=CC=C3N=C2OC)NC(=O)C4=NOC5(C4)CCN(CC5)C,0.0052
434,147105312,CCC(=O)CCCCC[C@@H](C1=NC=C(N1)C2=CC3=CC=CC=C3N=C2OC)NC(=O)[C@H]4CC45CCN(CC5)CC(F)(F)F,0.0098
435,156011362,CCC(=O)CCCCC[C@@H](C1=NC=C(N1)C2=CC3=CC=CC=C3N=C2OC)NC(=O)[C@H]4CC45CCN(CC5)CC,0.0014
436,153582288,CCC(=O)CCCCC[C@@H](C1=NC=C(N1)C2=CC3=CC=CC=C3N=C2OC)NC(=O)C4CCC5(CC4)CN(C5)C,0.0036
437,156011619,CCC(=O)CCCCC[C@@H](C1=NC=C(N1)C2=CC3=CC=CC=C3N=C2OC)NC(=O)[C@H]4CCC45CCN(CC5)CC,0.002
438,156011886,CCC(=O)CCCCC[C@@H](C1=NC=C(N1)C2=CC3=CC=CC=C3N=C2OC)NC(=O)[C@@H]4CC45CCCN(C5)C,0.0246
439,156012150,CCC(=O)CCCCC[C@@H](C1=NC=C(N1)C2=CC3=CC=CC=C3N=C2OC)NC(=O)[C@@H]4CC45CN(C5)C,0.0036
440,156012420,CCC(=O)CCCCC[C@@H](C1=NC=C(N1)C2=CC3=CC=CC=C3N=C2OC)NC(=O)[C@H]4CC45CN(C5)C,0.0071
441,156013262,CCC(=O)CCCCC[C@@H](C1=NC=C(N1)C2=CC3=CC=CC=C3N=C2OC)NC(=O)[C@H]4CC45CCN(CC5)CC6=CN=CC=C6,0.0039
442,156013472,CCC(=O)CCCCC[C@@H](C1=NC=C(N1)C2=CC3=CC=CC=C3N=C2OC)NC(=O)CC4CC5(C4)CN(C5)C,0.0051
443,156013627,CCC(=O)CCCCC[C@@H](C1=NC(=NN1)C2=CC3=CC=CC=C3N=C2OC)NC(=O)[C@H]4CC45CCN(CC5)CC,0.103
444,156014230,CCC(=O)CCCCC[C@@H](C1=NC=C(N1)C2=CC3=CC=CC=C3N=C2OC)NC(=O)[C@H]4C[C@@]45CCN(C5)C,0.0065
445,156014765,CCC(=O)CCCCC[C@@H](C1=NC=C(N1)C2=CC3=CC=CC=C3N=C2OC)NC(=O)[C@H]4CC45CCN(CC5)C(=O)C,0.041
446,153582210,CCC(=O)CCCCC[C@@H](C1=NC=C(N1)C2=CC3=CC=CC=C3N=C2OC)NC(=O)[C@@H]4C[C@@]45CCN(C5)C,0.0313
447,151151287,CCC(=O)CCCCC[C@@H](C1=NC=C(N1)C2=CC3=CC=CC=C3N=C2OC)NC(=O)[C@@H]4CC45CCN(CC5)C,0.0313
448,153084466,CCCN1CCC2(CC1)C[C@@H]2C(=O)N[C@@H](CCCCCC(=O)CC)C3=NC=C(N3)C4=CC5=CC=CC=C5N=C4OC,0.0103
449,156016174,CCC(=O)CCCCC[C@@H](C1=NC=C(N1)C2=CC3=CC=CC=C3N=C2OC)NC(=O)C4CC5(C4)CN(C5)C,0.0054
450,156016369,CCC(=O)CCCCC[C@@H](C1=NC(=NN1)C2=CC3=CC=CC=C3N=C2OC)NC(=O)[C@H]4CC45CCN(CC5)C,0.11
451,153582290,CCC(=O)CCCCC[C@@H](C1=NC=C(N1)C2=CC3=CC=CC=C3N=C2OC)NC(=O)[C@H]4CC45CCN(CC5)C,0.0014
452,156017390,CCC(=O)CCCCC[C@@H](C1=NC=C(N1)C2=CC3=CC=CC=C3N=C2OC)NC(=O)[C@H]4CC45CCC(CC5)N(C)C,0.0018
453,156017949,CCC(=O)CCCCC[C@@H](C1=NC=C(N1)C2=CC3=CC=CC=C3N=C2OC)NC(=O)[C@H]4C[C@]45CCN(C5)C,0.0052
454,147125573,CCC(=O)CCCCC[C@@H](C1=NC=C(N1)C2=CC3=CC=CC=C3N=C2OC)NC(=O)[C@H]4CC45CCN(CC5)CCC(F)(F)F,0.0131
455,156018682,CCC(=O)CCCCC[C@@H](C1=NC=C(N1)C2=CC3=CC=CC=C3N=C2OC)NC(=O)[C@H]4CC45CCN(CC5)CC6=CC=CC=C6,0.0081
456,156018960,CCC(=O)CCCCC[C@@H](C1=NN=C(O1)C2=CC3=CC=CC=C3N=C2OC)NC(=O)[C@H]4CC45CCN(CC5)C,0.0582
457,153032286,CCC(=O)CCCCC[C@@H](C1=NC=C(N1)C2=CC3=CC=CC=C3N=C2OC)NC(=O)[C@H]4CC45CCN(CC5)C(C)C,0.0014
458,156019508,CCC(=O)CCCCC[C@@H](C1=NC=C(N1)C2=CC3=CC=CC=C3N=C2OC)NC(=O)[C@@H]4CC45CCOCC5,0.0831
459,156019655,CCC(=O)CCCCC[C@@H](C1=NC=C(N1)C2=CC3=CC=CC=C3N=C2OC)NC(=O)[C@@H]4CC45CCC(CC5)N(C)C,0.0226
460,156019746,CCC(=O)CCCCC[C@@H](C1=NC=C(N1)C2=CC3=CC=CC=C3N=C2OC)NC(=O)[C@@H]4CCC45CCN(CC5)CC,0.0092
461,156019913,CCC(=O)CCCCC[C@@H](C1=NC=C(N1)C2=CC3=CC=CC=C3N=C2OC)NC(=O)[C@@H]4C[C@]45CCN(C5)C,0.0187
462,149256177,CCC(=O)CCCCC[C@@H](C1=NC=C(N1)C2=CC3=CC=CC=C3N=C2OC)NC(=O)[C@H]4CC45CCN(CC5)CC6CC6,0.00069
463,156020756,CCC(=O)CCCCC[C@@H](C1=NC=C(O1)C2=CC3=CC=CC=C3N=C2OC)NC(=O)[C@H]4CC45CCN(CC5)CC,0.0045
464,146894788,CCC(=O)CCCCC[C@@H](C1=NC=C(N1)C2=CC3=CC=CC=C3N=C2OC)NC(=O)[C@H]4CC45CCN(CC5)CC6=CC=C(C=C6)OC,0.0174
465,156021671,CCC(=O)CCCCC[C@@H](C1=NC=C(O1)C2=CC3=CC=CC=C3N=C2OC)NC(=O)[C@H]4CC45CCN(CC5)C,0.0047
466,156021997,CCC(=O)CCCCC[C@@H](C1=NC=C(N1)C2=CC3=CC=CC=C3N=C2OC)NC(=O)[C@H]4CC45CCOCC5,0.0313
467,156022127,CCC(=O)CCCCC[C@@H](C1=NC=C(O1)C2=CC3=CC=CC=C3N=C2OC)NC(=O)[C@H]4CC45CCN(CC5)C(C)C,0.0177
468,155512551,C1CN=C2C3=C(C=CC(=C3)I)SC(=S)N2C1,>50
469,155513471,C1CN2C(=N1)C3=C(C=CC=C3SC2=S)F,>50
470,155514603,C1CN2C(=N1)C3=C(C=C(C=C3)Cl)SC2=S,>50
471,155515284,C1CN2C(=N1)C3=C(C=CC=C3Cl)SC2=S,>50
472,155515602,C1CN2C(=N1)C3=C(C=CC(=C3)F)SC2=S,>50
473,155515864,C1CN=C2C3=C(C=CC=C3I)SC(=S)N2C1,8.1
474,129104374,C1CN=C2C3=C(C(=CC=C3)F)SC(=S)N2C1,>50
475,129104183,C1CN=C2C3=C(C=C(C=C3)Br)SC(=S)N2C1,>50
476,44623152,CC1=CC2=C(C=C1)C3=NCCCN3C(=S)S2,>50
477,155529066,CC1=C2C(=CC=C1)C3=NCCN3C(=S)S2,>50
478,155529137,C1CN2C(=N1)C3=C(C=C(C=C3)Br)SC2=S,>50
479,129104227,C1CN=C2C3=C(C=CC(=C3)F)SC(=S)N2C1,>50
480,135367138,C1CN=C2C3=C(C=CC=C3Br)SC(=S)N2C1,>50
481,155531452,C1CN=C2C3=C(C=C(C=C3)Cl)SC(=S)N2C1,>50
482,155531957,C1CN=C2C3=C(C=C(C=C3)C#N)SC(=S)N2C1,>50
483,129104402,C1CN2C(=N1)C3=C(C(=CC=C3)F)SC2=S,>50
484,14113325,C1CN2C(=N1)C3=C(C(=CC=C3)Cl)SC2=S,>50
485,155537573,C1CN2C(=N1)C3=C(C=CC(=C3)Br)SC2=S,>50
486,129104349,C1CN2C(=N1)C3=C(C=CC(=C3)Cl)SC2=S,>50
487,155539319,COC1=CC2=C(C=C1)C3=NCCN3C(=S)S2,>50
488,155540189,C1CN=C2C3=C(C=CC=C3Cl)SC(=S)N2C1,14
489,155544459,C1CN2C(=N1)C3=C(C=CC=C3Br)SC2=S,45
490,155545078,COC1=CC2=C(C=C1)SC(=S)N3C2=NCC3,>50
491,155546325,C1CN=C2C3=C(C=CC=C3SC(=S)N2C1)F,>50
492,155546632,C1CN2C(=N1)C3=C(C=CC(=C3)I)SC2=S,>50
493,155549087,CC1=C2C(=CC=C1)C3=NCCCN3C(=S)S2,>50
494,155550827,CN(C)C1=CC2=C(C=C1)C3=NCCN3C(=S)S2,50
495,14113324,C1CN2C(=N1)C3=CC=CC=C3SC2=S,>50
496,129104426,C1CN=C2C3=C(C=CC(=C3)Cl)SC(=S)N2C1,>50
497,129104138,CC1=C2C(=CC=C1)SC(=S)N3C2=NCCC3,>50
498,155555957,C1CN=C2C3=C(C(=CC=C3)Cl)SC(=S)N2C1,>50
499,44623153,C1CN=C2C3=C(C=C(C=C3)F)SC(=S)N2C1,>50
500,121278998,CC1=CC2=C(C=C1)SC(=S)N3C2=NCCC3,>50
501,155562249,C1CN2C(=N1)C3=C(C=C(C=C3)C#N)SC2=S,>50
502,135367789,CN(C)C1=CC2=C(C=C1)C3=NCCCN3C(=S)S2,>50
503,155564750,CC1=CC2=C(C=C1)SC(=S)N3C2=NCC3,>50
504,121279020,C1CN=C2C3=C(C=CC(=C3)C(F)(F)F)SC(=S)N2C1,>50
505,155565674,C1CN2C(=N1)C3=C(C=C(C=C3SC2=S)Br)F,50
506,155566122,C1CN2C(=N1)C3=C(C=CC=C3I)SC2=S,>50
507,155566461,CC1=CC2=C(C=C1)C3=NCCN3C(=S)S2,>50
508,155567444,C1CN=C2C3=C(C=CC(=C3)Br)SC(=S)N2C1,>50
509,155568350,CC1=C2C(=CC=C1)SC(=S)N3C2=NCC3,>50
510,44623002,C1CN=C2C3=CC=CC=C3SC(=S)N2C1,>50
511,4261,C1=CC=C(C(=C1)N)NC(=O)C2=CC=C(C=C2)CNC(=O)OCC3=CN=CC=C3,0.41
512,56650312,C1=CC=C(C=C1)/C=C/CN2C=C(C=N2)/C=C/C(=O)NC3=C(C=C(C=C3)F)N,9.7
513,155513171,C1=CC=C(C=C1)NCCCCCC(=O)NC2=CC=CC=C2N,1.3
514,155514314,C1=CC=C(C=C1)NC(=O)C2=CC=C(C=C2)C(=O)NC3=CC=CC=C3N,5.4
515,155530254,CN(CC1=CC=C(C=C1)C(=O)NC2=CC=CC=C2N)C3=CC=CC=C3,0.5
516,155547009,C1=CC=C(C=C1)C(=O)NCCCCC(=O)NC2=CC=CC=C2N,8.1
517,155555330,C[C@H](C1=CC=C(C=C1)C(=O)NC2=CC=CC=C2N)NC3=CC=CC=C3,4.2
518,155558642,C1=CC=C(C=C1)C(=O)CCCCCC(=O)NC2=CC=CC=C2N,3.7
519,155560779,CC(C1=CC=C(C=C1)C(=O)NC2=CC=CC=C2N)NC3=CC=CC=C3,7
520,155563524,C1=CC=C(C=C1)NCC2=CC=C(C=C2)C(=O)NC3=CC=CC=C3N,1.4
521,155566833,C[C@@H](C1=CC=C(C=C1)C(=O)NC2=CC=CC=C2N)NC3=CC=CC=C3,8.3
522,5311,C1=CC=C(C=C1)NC(=O)CCCCCCC(=O)NO,0.39811
523,49850262,CN1CCC2=C(C1)C3=CC=CC=C3N2CC4=CC=C(C=C4)C(=O)NO,12.5892
524,46918825,CN1CCC2=C(C1)N(C3=CC=CC=C23)CC4=CC=C(C=C4)C(=O)NO,25.1189
525,60164619,CC1=C(N(C2=CC=CC=C12)CC3=CC=C(C=C3)C(=O)NO)C,12.5892
526,137634156,CN(C)CC1=CN(C2=CC=CC=C21)CC3=CC=C(C=C3)C(=O)NO,6.30957
527,155534222,CN(C)CC1=NN(C2=CC=CC=C21)CC3=CC=C(C=C3)C(=O)NO,7.94328
528,155546486,C1COCC2=C1N(C3=CC=CC=C23)CC4=CC=C(C=C4)C(=O)NO,7.94328
529,155546555,CN1CCCC1C2=CN(C3=CC=CC=C32)CC4=CC=C(C=C4)C(=O)NO,1.99526
530,155551057,CN1C=NC=C1C2=CN(C3=CC=CC=C32)CC4=CC=C(C=C4)C(=O)NO,3.16228
531,155564870,C1CCN(C1)CC2=CN(C3=CC=CC=C32)CC4=CC=C(C=C4)C(=O)NO,6.30957
532,5311,C1=CC=C(C=C1)NC(=O)CCCCCCC(=O)NO,0.051
533,5311,C1=CC=C(C=C1)NC(=O)CCCCCCC(=O)NO,0
534,24757913,CCCCCCCC(=O)SCC/C=C/[C@@H]1CC(=O)NCC2=NC(=CS2)C3=N[C@@](CS3)(C(=O)N[C@H](C(=O)O1)C(C)C)C,1.52
535,24757913,CCCCCCCC(=O)SCC/C=C/[C@@H]1CC(=O)NCC2=NC(=CS2)C3=N[C@@](CS3)(C(=O)N[C@H](C(=O)O1)C(C)C)C,0
536,24938735,CC(C)[C@H]1C(=O)O[C@@H](CC(=O)NCC2=NC(=CS2)C3=N[C@@](CS3)(C(=O)N1)C)/C=C/CCS,0.0095
537,24938735,CC(C)[C@H]1C(=O)O[C@@H](CC(=O)NCC2=NC(=CS2)C3=N[C@@](CS3)(C(=O)N1)C)/C=C/CCS,0
538,155515488,CC(C)[C@H]1C(=O)O[C@@H](CC(=O)NCC2=NC(=CS2)C3=N[C@@](CS3)(C(=O)N1)C)/C=C(/CCS)\F,0.00246
539,155515488,CC(C)[C@H]1C(=O)O[C@@H](CC(=O)NCC2=NC(=CS2)C3=N[C@@](CS3)(C(=O)N1)C)/C=C(/CCS)\F,0
540,155518327,CC(C)[C@H]1C(=O)N[C@@H](CC(=O)NCC2=NC(=CS2)C3=N[C@@](CS3)(C(=O)N1)C)/C(=C/CCS)/F,0.00742
541,155518327,CC(C)[C@H]1C(=O)N[C@@H](CC(=O)NCC2=NC(=CS2)C3=N[C@@](CS3)(C(=O)N1)C)/C(=C/CCS)/F,0
542,155532640,CC(C)[C@H]1C(=O)O[C@@H](CC(=O)NCC2=NC(=CS2)C3=N[C@@](CS3)(C(=O)N1)C)/C=C/C(CS)(F)F,0.01849
543,155532640,CC(C)[C@H]1C(=O)O[C@@H](CC(=O)NCC2=NC(=CS2)C3=N[C@@](CS3)(C(=O)N1)C)/C=C/C(CS)(F)F,0
544,155538765,CCCCCCCC(=O)SCC/C=C(/[C@@H]1CC(=O)NCC2=NC(=CS2)C3=N[C@@](CS3)(C(=O)N[C@H](C(=O)O1)C(C)C)C)\F,1.817
545,155538765,CCCCCCCC(=O)SCC/C=C(/[C@@H]1CC(=O)NCC2=NC(=CS2)C3=N[C@@](CS3)(C(=O)N[C@H](C(=O)O1)C(C)C)C)\F,0
546,148289288,CC(C)[C@H]1C(=O)N[C@@H](C(C(=O)NCC2=NC(=CS2)C3=N[C@@](CS3)(C(=O)N1)C)(F)F)/C=C/CCS,0.00925
547,148289288,CC(C)[C@H]1C(=O)N[C@@H](C(C(=O)NCC2=NC(=CS2)C3=N[C@@](CS3)(C(=O)N1)C)(F)F)/C=C/CCS,0
548,155545380,CC(C)[C@H]1C(=O)O[C@@H](CC(=O)NCC2=NC(=CS2)C3=N[C@@](CS3)(C(=O)N1)C)/C(=C/CCS)/F,0.021
549,155545380,CC(C)[C@H]1C(=O)O[C@@H](CC(=O)NCC2=NC(=CS2)C3=N[C@@](CS3)(C(=O)N1)C)/C(=C/CCS)/F,0
550,155564400,CC(C)[C@H]1C(=O)O[C@H](CC(=O)NCC2=NC(=CS2)C3=N[C@@](CS3)(C(=O)N1)C)/C(=C/CCS)/F,0.09551
551,155564400,CC(C)[C@H]1C(=O)O[C@H](CC(=O)NCC2=NC(=CS2)C3=N[C@@](CS3)(C(=O)N1)C)/C(=C/CCS)/F,0
552,5311,C1=CC=C(C=C1)NC(=O)CCCCCCC(=O)NO,0.08923
553,4261,C1=CC=C(C(=C1)N)NC(=O)C2=CC=C(C=C2)CNC(=O)OCC3=CN=CC=C3,0.1082
554,6918837,CC1=C(C2=CC=CC=C2N1)CCNCC3=CC=C(C=C3)/C=C/C(=O)NO,0.0132
555,155511274,CCCNNC(=O)C1=CC=C(C=C1)OCC2=CC=CC=C2,0.1746
556,155516139,CCCNNC(=O)C1=CC=CC(=C1)CNCCC2=C(NC3=CC=CC=C32)C.C(=O)(C(F)(F)F)O,4.942
557,155517175,CCCNNC(=O)/C=C/C1=CC=C(C=C1)CNCCC2=C(NC3=CC=CC=C32)C.C(=O)(C(F)(F)F)O,0.0495
558,155520399,CCCCCCN(CCC)NC(=O)/C=C/C1=CC=C(C=C1)CNCCC2=C(NC3=CC=CC=C32)C.C(=O)(C(F)(F)F)O,9.835
559,155520741,CC1=C(C2=CC=CC=C2N1)CCNCC3=CC=C(C=C3)/C=C/C(=O)NN(CCCO)CCCO.C(=O)(C(F)(F)F)O,>10
560,155522601,CC1=C(C2=CC=CC=C2N1)CCNCC3=CC=C(C=C3)/C=C/C(=O)NN4CCCC4.C(=O)(C(F)(F)F)O,>10
561,155525662,CC1=C(C2=CC=CC=C2N1)CCNCC3=CC=C(C=C3)/C=C/C(=O)NNCCC(=O)OC.C(=O)(C(F)(F)F)O,4.214
562,155526247,CC1=C(C2=CC=CC=C2N1)CCNCC3=CC=C(C=C3)/C=C/C(=O)NNCCN.C(=O)(C(F)(F)F)O,>10
563,155527290,CCCCN(CCC)NC(=O)/C=C/C1=CC=C(C=C1)CNCCC2=C(NC3=CC=CC=C32)C.C(=O)(C(F)(F)F)O,3.222
564,155530932,CCCCCN(CCC)NC(=O)/C=C/C1=CC=C(C=C1)CNCCC2=C(NC3=CC=CC=C32)C.C(=O)(C(F)(F)F)O,7.316
565,155531159,CCCNNC(=O)C1=CC=C(C=C1)NC(=O)C2=CC=CC=C2,0.4741
566,155537405,CCCN(CC)NC(=O)/C=C/C1=CC=C(C=C1)CNCCC2=C(NC3=CC=CC=C32)C.C(=O)(C(F)(F)F)O,8.071
567,155537455,CC1=C(C2=CC=CC=C2N1)CCNCC3=CC=C(C=C3)/C=C/C(=O)NNCCC#N.C(=O)(C(F)(F)F)O,0.172
568,155539714,CCCN(CCC)NC(=O)/C=C/C1=CC=C(C=C1)CNCCC2=C(NC3=CC=CC=C32)C.C(=O)(C(F)(F)F)O,1.366
569,155540719,CCCNNC(=O)C1=CC=CC(=C1)CN(CCC2=C(NC3=CC=CC=C32)C)C(=O)OC(C)(C)C,>5
570,155544603,CC1=C(C2=CC=CC=C2N1)CCNCC3=CC=C(C=C3)/C=C/C(=O)NN4CCCCC4.C(=O)(C(F)(F)F)O,>10
571,155546022,CCCNNC(=O)C1=CC=C(C=C1)CNCCC2=C(NC3=CC=CC=C32)C.C(=O)(C(F)(F)F)O,0.1075
572,155546691,CCCNNC(=O)C1=CC=C(C=C1)NCC2=CC=CC=C2,0.06748
573,155552802,CC1=C(C2=CC=CC=C2N1)CCNCC3=CC=C(C=C3)/C=C/C(=O)NN(C)C.C(=O)(C(F)(F)F)O,12.93
574,155557199,CCCNNC(=O)C1=CC=C(C=C1)CN(CCC2=C(NC3=CC=CC=C32)C)C(=O)OC(C)(C)C,0.2786
575,155557418,CCCNNC(=O)C1=CC=C(C=C1)CN(CC2=CC=CC=C2)C(=O)OC(C)(C)C,0.5793
576,155561265,CCCNNC(=O)/C=C/C1=CC=C(C=C1)CN(CCC2=C(NC3=CC=CC=C32)C)C(=O)OC(C)(C)C,1.298
577,155562145,CCCNNC(=O)C1=CC=C(C=C1)CNCC2=CC=CC=C2.C(=O)(C(F)(F)F)O,0.4413
578,5311,C1=CC=C(C=C1)NC(=O)CCCCCCC(=O)NO,0.035
579,46907787,CC1=C(SC2=C1C(=N[C@H](C3=NN=C(N32)C)CC(=O)OC(C)(C)C)C4=CC=C(C=C4)Cl)C,0
580,135564749,CC1=CC(=CC(=C1OCCO)C)C2=NC3=C(C(=CC(=C3)OC)OC)C(=O)N2,0
581,155511921,CC1=C(C(=NO1)C)C2=NC3=C(C4=C(S3)CN(CC4)CCCC(=O)NO)C(=O)N2,0.282
582,155513192,CC1=C(C(=NO1)C)C2=NC3=C(C4=C(S3)CN(CC4)CCCCCC(=O)NC5=CC=CC=C5N)C(=O)N2,0.112
583,153534003,CC1=CC(=CC(=C1OCC2=CC(=CC=C2)C(=O)NO)C)C3=NC4=C(C5=C(S4)CN(CC5)C)C(=O)N3,0.251
584,152636346,CC1=CC(=CC(=C1OCCOCC2=CC=C(C=C2)/C=C/C(=O)NO)C)C3=NC4=C(C5=C(S4)CN(CC5)C)C(=O)N3,0.085
585,155535585,CC1=CC(=CC(=C1OCC2=CC=C(C=C2)C(=O)NC3=CC=CC=C3N)C)C4=NC5=C(C6=C(S5)CN(CC6)C)C(=O)N4,0.14
586,153534005,CC1=CC(=CC(=C1OCCCCCC(=O)NO)C)C2=NC3=C(C4=C(S3)CN(CC4)C)C(=O)N2,0.058
587,155545446,CC1=CC(=CC(=C1O)C)C2=NC3=C(C4=C(S3)CN(CC4)CCCCCC(=O)NO)C(=O)N2,0.136
588,155545907,CC1=C(C(=NO1)C)C2=NC3=C(C4=C(S3)CN(CC4)CCCCCC(=O)NO)C(=O)N2,0.135
589,151364732,CC1=CC(=CC(=C1OCC2=CC=C(C=C2)/C=C/C(=O)NO)C)C3=NC4=C(C5=C(S4)CN(CC5)C)C(=O)N3,0.097
590,155554197,CC1=CC(=CC(=C1OCC2=CC(=CC=C2)C(=O)NC3=CC=CC=C3N)C)C4=NC5=C(C6=C(S5)CN(CC6)C)C(=O)N4,0.86
591,155555451,CC1=C(C(=NO1)C)C2=NC3=C(C4=C(S3)CN(CC4)CC(=O)NO)C(=O)N2,0.489
592,155555499,CC1=CC(=CC(=C1OCCCC(=O)NO)C)C2=NC3=C(C4=C(S3)CN(CC4)C)C(=O)N2,0.16
593,153534008,CC1=CC(=CC(=C1OCCCCCC(=O)NC2=CC=CC=C2N)C)C3=NC4=C(C5=C(S4)CN(CC5)C)C(=O)N3,0.17
594,155561539,CC1=C(C(=NO1)C)C2=NC3=C(C4=C(S3)CN(CC4)CC(=O)NC5=CC=CC=C5N)C(=O)N2,0.352
595,153534004,CC1=CC(=CC(=C1OCC2=CC=C(C=C2)C(=O)NO)C)C3=NC4=C(C5=C(S4)CN(CC5)C)C(=O)N3,0.105
596,13507024,C[C@@H](/C=C(\C)/C=C/C(=O)NO)C(=O)C1=CC=C(C=C1)N(C)C,0.016
597,155559583,COC(=O)C1=C(C2=CC=CC=C2C=C1)OCCCCCCCC(=O)NO,3.4
598,5311,C1=CC=C(C=C1)NC(=O)CCCCCCC(=O)NO,1.68
599,2746,CC(=O)NC1=CC=C(C=C1)C(=O)NC2=CC=CC=C2N,3.81
600,155540466,COC(=O)C1=C(C2=CC=CC=C2C=C1)OCCCCCCCC(=O)NC3=CC=CC=C3N,8.14
601,155559583,COC(=O)C1=C(C2=CC=CC=C2C=C1)OCCCCCCCC(=O)NO,7.84
602,155565698,COC(=O)C1=C(C2=CC=CC=C2C=C1)OCCCCCCCCS,0
603,12136798,C1=CC(=CN=C1)/C=C/C(=O)NCC2=CC=C(C=C2)C(=O)NC3=C(C=C(C=C3)F)N,0.45
604,155558567,C1=CC=C2C(=C1)/C(=C/C(=O)NCC3=CC=C(C=C3)C(=O)NC4=C(C=C(C=C4)F)N)/NC2=O,0.075
605,155512415,C1=CC=C(C=C1)C[C@@H](C(=O)NO)N2C=C(N=N2)C3=CC=CC=C3,0
606,6917365,COC(=O)[C@H](CC1=CC=CC=C1)N2C(=C(N=N2)C3=CC=CC=C3)C#CC4=CC=CC=C4,0
607,155542994,CNC(=O)[C@H](CC1=CC=CC=C1)N2C(=C(N=N2)C3=CC=CC=C3)C#CC4=CC=CC=C4,0
608,76853213,C1CC1C#CC2=C(N=NN2[C@@H](CC3=CC=CC=C3)C(=O)NO)C4=CC=CC=C4,>20
609,155555613,C1=CC=C(C=C1)C[C@@H](C(=O)O)N2C(=C(N=N2)C3=CC=CC=C3)C#CC4=CC=CC=C4,0
610,155557270,C1=CC=C(C=C1)C[C@H](C(=O)NO)N2C(=C(N=N2)C3=CC=CC=C3)C#CC4=CC=CC=C4,>20
611,78324068,C1=CC=C(C=C1)C[C@@H](C(=O)NO)N2C(=C(N=N2)C3=CC=CC=C3)C#CC4=CC=CC=C4,0
612,5311,C1=CC=C(C=C1)NC(=O)CCCCCCC(=O)NO,0.035
613,137628684,C[C@@H]1CN(CCO1)C(=O)NC2=CC=C(C=C2)C3=NC4=C(C=NN4CCCCCCC(=O)NO)C(=N3)N5CCOCC5,0.00061
614,155555562,C1COCCN1C2=NC(=NC3=C2C=NN3CCCCCCC(=O)NO)C4=CC=C(C=C4)N,0.0016
615,5311,C1=CC=C(C=C1)NC(=O)CCCCCCC(=O)NO,0.121
616,4261,C1=CC=C(C(=C1)N)NC(=O)C2=CC=C(C=C2)CNC(=O)OCC3=CN=CC=C3,1.19
617,155514649,B1(O[C@@H]2[C@@H]3C[C@@H](C3(C)C)C[C@@]2(O1)C)[C@H](CC(C)C)NC(=O)CNC(=O)C4=CC=C(C=C4)C(=O)NC5=CC=CC=C5N,8.18
618,155522132,B1(O[C@@H]2[C@@H]3C[C@@H](C3(C)C)C[C@@]2(O1)C)[C@H](CC(C)C)NC(=O)[C@H](CC4=CNC5=CC=CC=C54)NC(=O)C6=CC=CC(=C6)C(=O)NC7=CC=CC=C7N,>10
619,155525782,B1(O[C@@H]2[C@@H]3C[C@@H](C3(C)C)C[C@@]2(O1)C)[C@H](CC(C)C)NC(=O)[C@H](CC4=CC=CC=C4)NC(=O)C5=CC=C(C=C5)C(=O)NC6=CC=CC=C6N,4.76
620,155525899,B1(O[C@@H]2[C@@H]3C[C@@H](C3(C)C)C[C@@]2(O1)C)[C@H](CC(C)C)NC(=O)[C@H](CC4=CC=CC=C4)NC(=O)C5=CC=C(C=C5)C(=O)NO,3.3
621,155526490,B1(O[C@@H]2[C@@H]3C[C@@H](C3(C)C)C[C@@]2(O1)C)[C@H](CC(C)C)NC(=O)[C@H](CC4=CNC5=CC=CC=C54)NC(=O)C6=CC=C(C=C6)C(=O)NC7=CC=CC=C7N,9.83
622,155527858,B1(O[C@@H]2[C@@H]3C[C@@H](C3(C)C)C[C@@]2(O1)C)[C@H](CC(C)C)NC(=O)CNC(=O)C4=CC(=CC=C4)C(=O)NC5=CC=CC=C5N,>10
623,155529223,B1(O[C@@H]2[C@@H]3C[C@@H](C3(C)C)C[C@@]2(O1)C)[C@H](CC(C)C)NC(=O)[C@H](CC4=CNC5=CC=CC=C54)NC(=O)C6=CC(=CC=C6)C(=O)NO,1.43
624,155529608,B1(O[C@@H]2[C@@H]3C[C@@H](C3(C)C)C[C@@]2(O1)C)[C@H](CC(C)C)NC(=O)[C@H](CC4=CNC5=CC=CC=C54)NC(=O)C6=CC=CC(=C6)/C=C/C(=O)NO,0.0108
625,155536229,B1(O[C@@H]2[C@@H]3C[C@@H](C3(C)C)C[C@@]2(O1)C)[C@H](CC(C)C)NC(=O)[C@H](CC4=CC=CC=C4)NC(=O)C5=CC(=CC=C5)C(=O)NO,>10
626,155544266,B1(O[C@@H]2[C@@H]3C[C@@H](C3(C)C)C[C@@]2(O1)C)[C@H](CC(C)C)NC(=O)[C@H](CC4=CNC5=CC=CC=C54)NC(=O)C6=CC=C(C=C6)/C=C/C(=O)NO,0.0184
627,155545511,B1(O[C@@H]2[C@@H]3C[C@@H](C3(C)C)C[C@@]2(O1)C)[C@H](CC(C)C)NC(=O)CNC(=O)C4=CC=C(C=C4)/C=C/C(=O)NO,0.0914
628,155552130,B1(O[C@@H]2[C@@H]3C[C@@H](C3(C)C)C[C@@]2(O1)C)[C@H](CC(C)C)NC(=O)CNC(=O)C4=CC=CC(=C4)/C=C/C(=O)NO,0.071
629,155553474,B1(O[C@@H]2[C@@H]3C[C@@H](C3(C)C)C[C@@]2(O1)C)[C@H](CC(C)C)NC(=O)[C@H](CC4=CNC5=CC=CC=C54)NC(=O)C6=CC=C(C=C6)C(=O)NO,0.874
630,155557106,B1(O[C@@H]2[C@@H]3C[C@@H](C3(C)C)C[C@@]2(O1)C)[C@H](CC(C)C)NC(=O)[C@H](CC4=CC=CC=C4)NC(=O)C5=CC=CC(=C5)C(=O)NC6=CC=CC=C6N,>10
631,5311,C1=CC=C(C=C1)NC(=O)CCCCCCC(=O)NO,0.35
632,155525782,B1(O[C@@H]2[C@@H]3C[C@@H](C3(C)C)C[C@@]2(O1)C)[C@H](CC(C)C)NC(=O)[C@H](CC4=CC=CC=C4)NC(=O)C5=CC=C(C=C5)C(=O)NC6=CC=CC=C6N,2.63
633,155552130,B1(O[C@@H]2[C@@H]3C[C@@H](C3(C)C)C[C@@]2(O1)C)[C@H](CC(C)C)NC(=O)CNC(=O)C4=CC=CC(=C4)/C=C/C(=O)NO,0.86
634,5311,C1=CC=C(C=C1)NC(=O)CCCCCCC(=O)NO,0.183
635,155512401,CN(C)C1=CC=CC2=C1C=CC=C2S(=O)(=O)N(CCCCCC(=O)NO)CC(=O)NCC3=CC=CC=C3,0.081
636,155526258,CN(C)C1=CC=CC2=C1C=CC=C2S(=O)(=O)N(CC3=CC=C(C=C3)C(=O)NO)CC(=O)NCC4=CC=CC=C4,3.5
637,155551780,CN(C)C1=CC=CC2=C1C=CC=C2S(=O)(=O)N(CC3=CC=C(C=C3)C(=O)NC4=CC=CC=C4N)CC(=O)NCC5=CC=CC=C5,0.668
638,5311,C1=CC=C(C=C1)NC(=O)CCCCCCC(=O)NO,0.168
639,150496562,C1=CC=C(C(=C1)NC2=NC(=NC=C2Cl)NC3=CN(N=C3)CCCCCC(=O)NO)Cl,0.018
640,141728874,CNC1=NC(=NC=C1C(F)(F)F)NC2=CN(N=C2)CCCCCCC(=O)NO,0.037
641,141728877,C1=CC(=CC=C1NC2=NC(=NC=C2)NC3=CN(N=C3)CCCCCCC(=O)NO)F,0.018
642,141728806,C1=CC=C(C=C1)NC2=NC(=NC=C2Cl)NC3=CN(N=C3)CCCCCCC(=O)NO,0.019
643,141728842,CNC1=NC(=NC=C1Cl)NC2=CN(N=C2)CCCCCCC(=O)NO,0.015
644,141728831,COC1=CC=C(C=C1)NC2=NC(=NC=C2Cl)NC3=CN(N=C3)CCCCCCC(=O)NO,0.003
645,141728827,C1=CC(=CC(=C1)Cl)NC2=NC(=NC=C2Cl)NC3=CN(N=C3)CCCCCC(=O)NO,0.004
646,141728840,C1CC1NC2=NC(=NC=C2Cl)NC3=CN(N=C3)CCCCCCC(=O)NO,0.013
647,141728871,CCCNC1=NC(=NC=C1Cl)NC2=CN(N=C2)CCCCCCC(=O)NO,0.026
648,141728841,C1=CC(=CC(=C1)Cl)NC2=NC(=NC=C2Cl)NC3=CN(N=C3)CCCCCCC(=O)NO,0.02
649,141728813,C1=CC(=CC=C1NC2=NC(=NC=C2Cl)NC3=CN(N=C3)CCCCCCC(=O)NO)F,0.003
650,138377596,C1=CC(=CC=C1NC2=NC(=NC=C2Cl)NC3=CN(N=C3)CCCCCC(=O)NO)Cl,0.002
651,141728846,C1=CC=C(C(=C1)NC2=NC(=NC=C2Cl)NC3=CN(N=C3)CCCCCCC(=O)NO)Cl,0.01
652,141728855,C1=CC(=CC=C1NC2=NC(=NC=C2F)NC3=CN(N=C3)CCCCCCC(=O)NO)F,0.003
653,155550122,C1=CC(=CC=C1CN2C=C(C=N2)NC3=NC=C(C(=N3)NC4=CC=C(C=C4)F)Cl)/C=C/C(=O)NO,0.144
654,141728843,C1=CC(=CC=C1NC2=NC(=NC=C2Cl)NC3=CN(N=C3)CCCC(=O)NO)F,>10
655,141728811,C1COCCN1C2=NC(=NC=C2Cl)NC3=CN(N=C3)CCCCCCC(=O)NO,0.037
656,141728860,C1CCN(CC1)C2=NC(=NC=C2Cl)NC3=CN(N=C3)CCCCCCC(=O)NO,0.04
657,141728873,C1=CC(=CC=C1NC2=NC(=NC=C2Cl)NC3=CN(N=C3)CCCCCC(=O)NO)F,0.026
658,141728829,C1=CC(=CC=C1CN2C=C(C=N2)NC3=NC=C(C(=N3)NC4=CC=C(C=C4)F)Cl)C(=O)NO,0.062
659,141728867,C1=CC(=CC=C1NC2=NC(=NC=C2Cl)NC3=CN(N=C3)CCCCC(=O)NO)F,0.569
660,141728825,C1=CC(=CC=C1NC2=NC(=NC=C2C(F)(F)F)NC3=CN(N=C3)CCCCCCC(=O)NO)F,0.041
661,141728817,C1=CC(=CC=C1NC2=NC(=NC=C2Cl)NC3=CN(N=C3)CCCCCCC(=O)NO)Cl,0.002
662,155563943,CNC1=NC(=NC=C1Cl)NC2=CN(N=C2)CCCCCC(=O)NO,0.104
663,141728845,C1=CC(=CC=C1NC2=NC(=NC=C2Cl)NC3=CN(N=C3)CCCCCCCC(=O)NO)F,0.038
664,141728810,C1=CC(=CC=C1NC2=NC(=NC=C2Cl)NC3=CN(N=C3)CCC(=O)NO)F,>10
665,5311,C1=CC=C(C=C1)NC(=O)CCCCCCC(=O)NO,0.22
666,141728842,CNC1=NC(=NC=C1Cl)NC2=CN(N=C2)CCCCCCC(=O)NO,0.19
667,141728841,C1=CC(=CC(=C1)Cl)NC2=NC(=NC=C2Cl)NC3=CN(N=C3)CCCCCCC(=O)NO,0.13
668,138377596,C1=CC(=CC=C1NC2=NC(=NC=C2Cl)NC3=CN(N=C3)CCCCCC(=O)NO)Cl,0.12
669,155550122,C1=CC(=CC=C1CN2C=C(C=N2)NC3=NC=C(C(=N3)NC4=CC=C(C=C4)F)Cl)/C=C/C(=O)NO,1
670,141728829,C1=CC(=CC=C1CN2C=C(C=N2)NC3=NC=C(C(=N3)NC4=CC=C(C=C4)F)Cl)C(=O)NO,0.73
671,141728867,C1=CC(=CC=C1NC2=NC(=NC=C2Cl)NC3=CN(N=C3)CCCCC(=O)NO)F,1.4
672,141728845,C1=CC(=CC=C1NC2=NC(=NC=C2Cl)NC3=CN(N=C3)CCCCCCCC(=O)NO)F,0.43
673,5311,C1=CC=C(C=C1)NC(=O)CCCCCCC(=O)NO,0.73
674,6918837,CC1=C(C2=CC=CC=C2N1)CCNCC3=CC=C(C=C3)/C=C/C(=O)NO,0.00624
675,155510762,CC1=CC(=CC(=C1)C(=O)NOCC2=CC=C(C=C2)/C=C/C(=O)NO)C,1.09
676,155512623,C1=CC=C(C=C1)C2=NC(=CS2)C(=O)NOCC3=CC=C(C=C3)/C=C/C(=O)NO,11.6
677,155513254,C1=CC=C2C=C(C=CC2=C1)C(=O)NOCC3=CC=C(C=C3)/C=C/C(=O)NO,2.83
678,155515909,C1=CC=C(C=C1)NC(=O)NOCC2=CC=C(C=C2)/C=C/C(=O)NO,144
679,155517042,CC1=CC(=C(C(=C1)C)NC(=O)NOCC2=CC=C(C=C2)/C=C/C(=O)NO)C,4.21
680,155518725,CCNC(=O)NOCC1=CC=C(C=C1)/C=C/C(=O)NO,14.2
681,155527385,C1=CC=C2C(=C1)C=CC(=N2)C(=O)NOCC3=CC=C(C=C3)/C=C/C(=O)NO,0.27
682,155529646,C1=CC=C(C=C1)C(=O)NOCC2=CC=C(C=C2)/C=C/C(=O)NO,1.16
683,155542624,CCCCOC1=CC=C(C=C1)C(=O)NOCC2=CC=C(C=C2)/C=C/C(=O)NO,3
684,155543375,C1=CC=C2C(=C1)C=CN=C2C(=O)NOCC3=CC=C(C=C3)/C=C/C(=O)NO,4.48
685,155543455,C1=CC=C(C=C1)C2=CC=CC=C2NC(=O)NOCC3=CC=C(C=C3)/C=C/C(=O)NO,5.65
686,155543511,CC(C1=CC=CC=C1)(C2=CC=CC=C2)C(=O)NOCC3=CC=C(C=C3)/C=C/C(=O)NO,4.81
687,155544609,CC1=CC(=CC(=C1)NC(=O)NOCC2=CC=C(C=C2)/C=C/C(=O)NO)C,1.12
688,155547606,COC1=CC=C(C=C1)NC(=O)NOCC2=CC=C(C=C2)/C=C/C(=O)NO,0.49
689,155549392,CC1=C(C2=CC=CC=C2N1)CC(=O)NOCC3=CC=C(C=C3)/C=C/C(=O)NO,2.65
690,155560660,C1=CC=C2C(=C1)C=CC=C2NC(=O)NOCC3=CC=C(C=C3)/C=C/C(=O)NO,40.3
691,155561445,COC1=CC(=CC(=C1OC)OC)C(=O)NOCC2=CC=C(C=C2)/C=C/C(=O)NO,3.14
692,5311,C1=CC=C(C=C1)NC(=O)CCCCCCC(=O)NO,0.64
693,6918837,CC1=C(C2=CC=CC=C2N1)CCNCC3=CC=C(C=C3)/C=C/C(=O)NO,0.00767
694,155510762,CC1=CC(=CC(=C1)C(=O)NOCC2=CC=C(C=C2)/C=C/C(=O)NO)C,0.9
695,155512623,C1=CC=C(C=C1)C2=NC(=CS2)C(=O)NOCC3=CC=C(C=C3)/C=C/C(=O)NO,19.2
696,155513254,C1=CC=C2C=C(C=CC2=C1)C(=O)NOCC3=CC=C(C=C3)/C=C/C(=O)NO,1.92
697,155515909,C1=CC=C(C=C1)NC(=O)NOCC2=CC=C(C=C2)/C=C/C(=O)NO,190
698,155517042,CC1=CC(=C(C(=C1)C)NC(=O)NOCC2=CC=C(C=C2)/C=C/C(=O)NO)C,2.29
699,155518725,CCNC(=O)NOCC1=CC=C(C=C1)/C=C/C(=O)NO,6.85
700,155527385,C1=CC=C2C(=C1)C=CC(=N2)C(=O)NOCC3=CC=C(C=C3)/C=C/C(=O)NO,1.54
701,155529646,C1=CC=C(C=C1)C(=O)NOCC2=CC=C(C=C2)/C=C/C(=O)NO,0.94
702,155542624,CCCCOC1=CC=C(C=C1)C(=O)NOCC2=CC=C(C=C2)/C=C/C(=O)NO,7.6
703,155543375,C1=CC=C2C(=C1)C=CN=C2C(=O)NOCC3=CC=C(C=C3)/C=C/C(=O)NO,1.98
704,155543455,C1=CC=C(C=C1)C2=CC=CC=C2NC(=O)NOCC3=CC=C(C=C3)/C=C/C(=O)NO,4.03
705,155543511,CC(C1=CC=CC=C1)(C2=CC=CC=C2)C(=O)NOCC3=CC=C(C=C3)/C=C/C(=O)NO,3.34
706,155544609,CC1=CC(=CC(=C1)NC(=O)NOCC2=CC=C(C=C2)/C=C/C(=O)NO)C,1.54
707,155547606,COC1=CC=C(C=C1)NC(=O)NOCC2=CC=C(C=C2)/C=C/C(=O)NO,0.57
708,155549392,CC1=C(C2=CC=CC=C2N1)CC(=O)NOCC3=CC=C(C=C3)/C=C/C(=O)NO,1.12
709,155560660,C1=CC=C2C(=C1)C=CC=C2NC(=O)NOCC3=CC=C(C=C3)/C=C/C(=O)NO,43.2
710,155561445,COC1=CC(=CC(=C1OC)OC)C(=O)NOCC2=CC=C(C=C2)/C=C/C(=O)NO,6.85
711,12136798,C1=CC(=CN=C1)/C=C/C(=O)NCC2=CC=C(C=C2)C(=O)NC3=C(C=C(C=C3)F)N,0.11
712,155512474,C1=CC(=CC=C1CNC(=O)/C=C/C2=CC=NC=C2)C(=O)NC3=C(C=C(C=C3)F)N,0.15
713,57723146,C1=CC=C(C=C1)/C=C/C(=O)NCC2=CC=C(C=C2)C(=O)NC3=C(C=C(C=C3)F)N,0.14
714,155542195,C1=CC(=CN=C1)/C=C/C(=O)NCC2=CC=C(C=C2)C(=O)NC3=CC=C(C=C3)F,>100
715,155546207,C1=CC=C(C=C1)NC(=O)C2=CC=C(C=C2)CNC(=O)/C=C/C3=CN=CC=C3,>100
716,5311,C1=CC=C(C=C1)NC(=O)CCCCCCC(=O)NO,0.411
717,147254231,C1=CC=C2C(=C1)C(=C3C=CC(=CC3=C2O)C(=O)N=O)O,4.618
718,149405396,C1=CC=C2C(=C1)C(=C3C=CC(=CC3=C2O)/C=C/C(=O)N=O)O,13.62
719,146680839,C1=CC=C(C=C1)CN2C(=NN=N2)CN(CC3=CC=C(C=C3)C(=O)NO)C(=O)C4=CC=CC=C4C(F)(F)F,2.26
720,5311,C1=CC=C(C=C1)NC(=O)CCCCCCC(=O)NO,0.096
721,49850262,CN1CCC2=C(C1)C3=CC=CC=C3N2CC4=CC=C(C=C4)C(=O)NO,3.9
722,24753719,COC1=CC=C(C=C1)CN2C=CC3=C2C=C(C=C3)C(=O)NO,0
723,134283810,CCCCCCC(CCCC(=O)NC1=CC=CC=C1)CCC(=O)NO,38
724,134283792,CCCCC(CCCC(=O)NC1=CC=CC=C1)CCC(=O)NO,18
725,134283800,C1=CC=C(C=C1)C[C@H](CCCC(=O)NC2=CC=CC=C2)CCC(=O)NO,36
726,134283813,C1=CC=C(C=C1)CC(CCCC(=O)NC2=CC=CC=C2)CCC(=O)NO,32
727,134283796,C1=CC=C(C=C1)C[C@@H](CCCC(=O)NC2=CC=CC=C2)CCC(=O)NO,51
728,134283799,CCC(CCCC(=O)NC1=CC=CC=C1)CCC(=O)NO,4.9
729,145994016,C1=CC=C(C=C1)C(CCCC(=O)NC2=CC=CC=C2)CCC(=O)NO,12
730,5311,C1=CC=C(C=C1)NC(=O)CCCCCCC(=O)NO,0.2
731,49850262,CN1CCC2=C(C1)C3=CC=CC=C3N2CC4=CC=C(C=C4)C(=O)NO,9.9
732,71680913,C1=CC=C(C=C1)CCNC(=O)C2=CC(=CC=C2)C(=O)NO,6.7
733,134283810,CCCCCCC(CCCC(=O)NC1=CC=CC=C1)CCC(=O)NO,60
734,140846804,CC(CCCC(=O)NC1=CC=CC=C1)CCC(=O)NO,3.3
735,134283792,CCCCC(CCCC(=O)NC1=CC=CC=C1)CCC(=O)NO,53
736,134283813,C1=CC=C(C=C1)CC(CCCC(=O)NC2=CC=CC=C2)CCC(=O)NO,62
737,134283799,CCC(CCCC(=O)NC1=CC=CC=C1)CCC(=O)NO,14
738,145994016,C1=CC=C(C=C1)C(CCCC(=O)NC2=CC=CC=C2)CCC(=O)NO,65
739,11538455,CN1C=C(C2=CC=CC=C21)CNCC3CCN(CC3)C4=NC=C(C=N4)C(=O)NO,0.00216
740,53340666,C1=CC=C(C=C1)N(C2=CC=CC=C2)C3=NC=C(C=N3)C(=O)NCCCCCCC(=O)NO,0.379
741,53340426,C1=CC=C(C=C1)N(C2=CC=CC=C2Cl)C3=NC=C(C=N3)C(=O)NCCCCCCC(=O)NO,0.318
742,155155878,C1=CC(=CC=C1CNC(=O)C2=C(C(=C(C(=C2F)F)F)F)F)C(=O)NO,>1
743,4261,C1=CC=C(C(=C1)N)NC(=O)C2=CC=C(C=C2)CNC(=O)OCC3=CN=CC=C3,0.74
744,145980171,CN(CCCCC(CO[N+](=O)[O-])O[N+](=O)[O-])CC1=NC=C(C=C1)COC(=O)NCC2=CC=C(C=C2)C(=O)NC3=CC=CC=C3N.Cl.Cl.Cl,0.39
745,145993051,C1=CC=C(C=C1)S(=O)(=O)C2=[N+](ON=C2OCCOC3=NC=C(C=C3)COC(=O)NCC4=CC=C(C=C4)C(=O)NC5=CC=CC=C5N)[O-],0.37
746,5280953,CC1=NC=CC2=C1NC3=C2C=CC(=C3)OC,>10
747,5311,C1=CC=C(C=C1)NC(=O)CCCCCCC(=O)NO,0.48
748,145979160,CCCCN(CC1=CC=C(C=C1)C(=O)NO)C(=O)C2=NC(=C3C(=C2)C4=CC=CC=C4N3)C5=CC(=CC=C5)OC,0.37
749,145980347,CCCCN(CC1=CC=C(C=C1)C(=O)NO)C(=O)C2=NC(=C3C(=C2)C4=CC=CC=C4N3)C,0.93
750,145980924,CCCN(CC1=CC=C(C=C1)C(=O)NO)C(=O)C2=NC=C3C(=C2)C4=CC=CC=C4N3,2.82
751,145981665,CCCN(CC1=CC=C(C=C1)C(=O)NO)C(=O)C2=NC(=C3C(=C2)C4=CC=CC=C4N3)C5=CC=CC=C5OC,0.26
752,145987823,CCCN(CC1=CC=C(C=C1)C(=O)NO)C(=O)C2=NC(=C3C(=C2)C4=CC=CC=C4N3)C,0.85
753,145988992,CN(CC1=CC=C(C=C1)C(=O)NO)C(=O)C2=NC=C3C(=C2)C4=CC=CC=C4N3,5.63
754,145989067,CCCN(CC1=CC=C(C=C1)C(=O)NO)C(=O)C2=NC(=C3C(=C2)C4=CC=CC=C4N3)C5=CC(=CC=C5)OC,0.23
755,145990399,CCN(CC1=CC=C(C=C1)C(=O)NO)C(=O)C2=NC=C3C(=C2)C4=CC=CC=C4N3,4.78
756,145990872,CCN(CC1=CC=C(C=C1)C(=O)NO)C(=O)C2=NC(=C3C(=C2)C4=CC=CC=C4N3)C5=CC=CC=C5OC,0.83
757,145991220,CCN(CC1=CC=C(C=C1)C(=O)NO)C(=O)C2=NC(=C3C(=C2)C4=CC=CC=C4N3)C,1.75
758,145992467,CCCCN(CC1=CC=C(C=C1)C(=O)NO)C(=O)C2=NC(=C3C(=C2)C4=CC=CC=C4N3)C5=CC=CC=C5OC,0.34
759,145993428,CN(CC1=CC=C(C=C1)C(=O)NO)C(=O)C2=NC(=C3C(=C2)C4=CC=CC=C4N3)C5=CC=CC=C5OC,0.96
760,145993768,CCCCN(CC1=CC=C(C=C1)C(=O)NO)C(=O)C2=NC=C3C(=C2)C4=CC=CC=C4N3,2.69
761,145994163,CC1=C2C(=CC(=N1)C(=O)N(C)CC3=CC=C(C=C3)C(=O)NO)C4=CC=CC=C4N2,3.06
762,5311,C1=CC=C(C=C1)NC(=O)CCCCCCC(=O)NO,0.138
763,6918638,C1=CC=C(C=C1)NS(=O)(=O)C2=CC=CC(=C2)/C=C/C(=O)NO,0.025
764,145965019,C1=CC=C(C=C1)CNC(=O)[C@H](CC2=CNC3=CC=CC=C32)NS(=O)(=O)C4=CC=CC(=C4)C(=O)NO,>20
765,145966296,C[C@@H](C(=O)NC1=CC=CC=C1)NS(=O)(=O)C2=CC=CC(=C2)C(=O)NO,>20
766,145966533,COC1=CC=C(C=C1)NC(=O)[C@H](CC2=CNC3=CC=CC=C32)NS(=O)(=O)C4=CC=CC(=C4)C(=O)NO,>20
767,145966861,C1=CC=C(C=C1)[C@@H](C(=O)NC2=CC=CC=C2)NS(=O)(=O)C3=CC=CC(=C3)C(=O)NO,>20
768,145967313,C1=CC=C(C=C1)[C@@H](C(=O)NC2=CC=C(C=C2)Cl)NS(=O)(=O)C3=CC=CC(=C3)C(=O)NO,>20
769,141522811,C1=CC=C(C=C1)CNS(=O)(=O)C2=CC=CC(=C2)C(=O)NO,>20
770,145969144,C1=CC=C2C(=C1)C(=CN2)C[C@@H](C(=O)NC3=CC=C(C=C3)Cl)NS(=O)(=O)C4=CC=CC(=C4)C(=O)NO,>20
771,145970091,CC(C)[C@@H](C(=O)NC1=CC=CC=C1)NS(=O)(=O)C2=CC=CC(=C2)C(=O)NO,>20
772,145970292,C1=CC=C(C=C1)CCNS(=O)(=O)C2=CC=CC(=C2)C(=O)NO,>20
773,145973218,C1=CC=C(C=C1)[C@@H](C(=O)NC2=CC=C(C=C2)F)NS(=O)(=O)C3=CC=CC(=C3)C(=O)NO,>20
774,145973530,C1=CC=C2C(=C1)C(=CN2)C[C@@H](C(=O)NC3=CC=C(C=C3)F)NS(=O)(=O)C4=CC=CC(=C4)C(=O)NO,>20
775,145973656,C1=CC=C(C=C1)NC(=O)[C@H](CC2=CNC3=CC=CC=C32)NS(=O)(=O)C4=CC=CC(=C4)C(=O)NO,>20
776,145975187,C1=CC=C(C=C1)NC(=O)CNS(=O)(=O)C2=CC=CC(=C2)C(=O)NO,>20
777,145976000,C1=CC=C(C=C1)CNC(=O)[C@H](C2=CC=CC=C2)NS(=O)(=O)C3=CC=CC(=C3)C(=O)NO,>20
778,145978533,COC1=CC=C(C=C1)NC(=O)[C@H](C2=CC=CC=C2)NS(=O)(=O)C3=CC=CC(=C3)C(=O)NO,>20
779,11637884,C1=CC=C(C=C1)NS(=O)(=O)C2=CC=CC(=C2)C(=O)NO,>20
780,5311,C1=CC=C(C=C1)NC(=O)CCCCCCC(=O)NO,0.214
781,145951170,COC1=C(C(=C2C(=C1)C=CN2CCCCOC3=CC=CC(=C3)NC(=O)CCCCCCC(=O)NO)OC)OC,0.9996
782,145959866,COC1=CC2=C(C=C1)N(C=C2)CCOC3=CC=C(C=C3)NC(=O)CCCCCCC(=O)NO,0.0331
783,71722010,COC1=C(C(=C2C(=C1)C=CN2CCOC3=CC=CC(=C3)NC(=O)CCCCCCC(=O)NO)OC)OC,0.1112
784,145977717,COC1=C(C=C2C(=C1)C=CN2CCOC3=CC=C(C=C3)NC(=O)CCCCCCC(=O)NO)OC,0.0166
785,5311,C1=CC=C(C=C1)NC(=O)CCCCCCC(=O)NO,0.18
786,145977632,C1=CC(=CC=C1NC(=O)CCCCCCC(=O)NO)N(CCCl)CCCl,0.24
787,5311,C1=CC=C(C=C1)NC(=O)CCCCCCC(=O)NO,0.22
788,145965019,C1=CC=C(C=C1)CNC(=O)[C@H](CC2=CNC3=CC=CC=C32)NS(=O)(=O)C4=CC=CC(=C4)C(=O)NO,>100
789,145966296,C[C@@H](C(=O)NC1=CC=CC=C1)NS(=O)(=O)C2=CC=CC(=C2)C(=O)NO,>100
790,145966861,C1=CC=C(C=C1)[C@@H](C(=O)NC2=CC=CC=C2)NS(=O)(=O)C3=CC=CC(=C3)C(=O)NO,>100
791,141522811,C1=CC=C(C=C1)CNS(=O)(=O)C2=CC=CC(=C2)C(=O)NO,47.1
792,145970091,CC(C)[C@@H](C(=O)NC1=CC=CC=C1)NS(=O)(=O)C2=CC=CC(=C2)C(=O)NO,>100
793,145970292,C1=CC=C(C=C1)CCNS(=O)(=O)C2=CC=CC(=C2)C(=O)NO,11.2
794,145973656,C1=CC=C(C=C1)NC(=O)[C@H](CC2=CNC3=CC=CC=C32)NS(=O)(=O)C4=CC=CC(=C4)C(=O)NO,70.4
795,145975187,C1=CC=C(C=C1)NC(=O)CNS(=O)(=O)C2=CC=CC(=C2)C(=O)NO,>100
796,145976000,C1=CC=C(C=C1)CNC(=O)[C@H](C2=CC=CC=C2)NS(=O)(=O)C3=CC=CC(=C3)C(=O)NO,>100
797,11637884,C1=CC=C(C=C1)NS(=O)(=O)C2=CC=CC(=C2)C(=O)NO,14.5
798,142489335,CC[C@H](C1=CC=CC=C1)C(=O)NC2=CN=C(C=C2)C(=O)NC3=C(C=C(C=C3)F)N,0.63
799,139325820,CC(C)[C@H](C1=CC=CC=C1)C(=O)NC2=NC=C(C=C2)C(=O)NC3=C(C=C(C=C3)F)N,8.4
800,142489337,CC(C)(C1=CC=CC=C1)C(=O)NC2=CC=C(C=C2)C(=O)NC3=C(C=C(C=C3)F)N,>10
801,142489328,CC[C@H](C1=CC=CC=C1)C(=O)NC2=CC=C(C=C2)C(=O)NC3=C(C=C(C=C3)F)N,1.2
802,142489322,C1=CC=C(C=C1)CCC(=O)NC2=CC=C(C=C2)C(=O)NC3=C(C=C(C=C3)F)N,1.1
803,145952295,C1C(C1C(=O)NC2=CN=C(C=C2)C(=O)NC3=C(C=C(C=C3)F)N)C4=CC=CC=C4,4.9
804,142489330,C1=CC=C(C=C1)CCC(=O)NC2=CN=C(C=C2)C(=O)NC3=C(C=C(C=C3)F)N,7.8
805,142489312,C[C@H](C1=CC=CC=C1)C(=O)NC2=CC=C(C=C2)C(=O)NC3=C(C=C(C=C3)F)N,2.8
806,142489319,C1=CC(=CC=C1CC(=O)NC2=CN=C(C=C2)C(=O)NC3=C(C=C(C=C3)F)N)F,3
807,137353182,C1=CC=C(C=C1)CC(=O)NC2=CC=C(C=C2)C(=O)NC3=C(C=C(C=C3)F)N,3.2
808,145955015,CC[C@@H](C1=CC=CC=C1)C(=O)NC2=CN=C(C=C2)C(=O)NC3=C(C=C(C=C3)F)N,4.2
809,142489342,C[C@@H](C1=CC=CC=C1)C(=O)NC2=CN=C(C=C2)C(=O)NC3=C(C=C(C=C3)F)N,2
810,142489323,C1=CC=C(C=C1)CC(=O)NC2=CN=C(C=C2)C(=O)NC3=C(C=C(C=C3)F)N,2
811,142489316,C1=CC(=CC=C1CC(=O)NC2=CC=C(C=C2)C(=O)NC3=C(C=C(C=C3)F)N)F,2.7
812,142489314,CC(C)[C@H](C1=CC=CC=C1)C(=O)NC2=CC=C(C=C2)C(=O)NC3=C(C=C(C=C3)F)N,1.8
813,137353123,CC(C)[C@H](C1=CC=CC=C1)C(=O)NC2=CN=C(C=C2)C(=O)NC3=C(C=C(C=C3)F)N,1.1
814,142489344,C[C@@H](C1=CC=CC=C1)C(=O)NC2=CC=C(C=C2)C(=O)NC3=C(C=C(C=C3)F)N,3.4
815,142489324,CC(C)[C@@H](C1=CC=CC=C1)C(=O)NC2=CC=C(C=C2)C(=O)NC3=C(C=C(C=C3)F)N,0
816,137353146,C[C@H](C1=CC=CC=C1)C(=O)NC2=CN=C(C=C2)C(=O)NC3=C(C=C(C=C3)F)N,3
817,137353141,C1=CC(=CC=C1CC(=O)NC2=CC=C(C=C2)C(=O)NC3=C(C=C(C=C3)F)N)C(F)(F)F,1.3
818,145958925,C1C(C1C(=O)NC2=CC=C(C=C2)C(=O)NC3=C(C=C(C=C3)F)N)C4=CC=CC=C4,>10
819,139325532,C1[C@@H]([C@@H]1C(=O)NC2=CC=C(C=C2)C(=O)NC3=C(C=C(C=C3)F)N)C4=CC=CC=C4,2.1
820,142489318,CC(C)[C@@H](C1=CC=CC=C1)C(=O)NC2=CN=C(C=C2)C(=O)NC3=C(C=C(C=C3)F)N,2.5
821,142489313,CC[C@@H](C1=CC=CC=C1)C(=O)NC2=CC=C(C=C2)C(=O)NC3=C(C=C(C=C3)F)N,4.8
822,145974558,C1=CC(=CC=C1CC(=O)NC2=CN=C(C=C2)C(=O)NC3=C(C=C(C=C3)F)N)C(F)(F)F,>10
823,5311,C1=CC=C(C=C1)NC(=O)CCCCCCC(=O)NO,0.0916
824,49850262,CN1CCC2=C(C1)C3=CC=CC=C3N2CC4=CC=C(C=C4)C(=O)NO,>30
825,145953085,C1COCCN1C2=C3C=CC=C4C3=C(C=C2)C(=O)N(C4=O)CCC5=CC=C(C=C5)C(=O)NO,>100
826,122376192,C1COCCN1C2=C3C=CC=C4C3=C(C=C2)C(=O)N(C4=O)CCCCCC(=O)NO,0.0256
827,145973368,C1COCCN1C2=C3C=CC=C4C3=C(C=C2)C(=O)N(C4=O)CC5=CC=C(C=C5)C(=O)NO,0.0988
828,145958641,C1COCCN1C2=CC=C(C=C2)NC3=NC=CC(=N3)C4=CC=C(C=C4)C(=O)NO,1.704
829,145959360,CS(=O)(=O)NC1=CC=C(C=C1)C2=NC(=NC=C2)NC3=CC=C(C=C3)N4CCC(CC4)C(=O)NCCCCCCCC(=O)NO,0.132
830,145971681,CS(=O)(=O)NC1=CC=C(C=C1)C2=NC(=NC=C2)NC3=CC=C(C=C3)N4CCC(CC4)C(=O)NC5=CC=C(C=C5)/C=C/C(=O)NO,7.472
831,5311,C1=CC=C(C=C1)NC(=O)CCCCCCC(=O)NO,0.13
832,4261,C1=CC=C(C(=C1)N)NC(=O)C2=CC=C(C=C2)CNC(=O)OCC3=CN=CC=C3,1.8
833,10113978,CC1=C(C=C(C=C1)NC2=NC=CC(=N2)N(C)C3=CC4=NN(C(=C4C=C3)C)C)S(=O)(=O)N,0
834,138393067,CC1=C2C=CC(=CC2=NN1C)N(C)C3=NC(=NC=C3)NC4=CC=C(C=C4)C(=O)NC5=CC=CC=C5N,4.6
835,141504707,CC1=C2C=CC(=CC2=NN1C)N(C)C3=NC(=NC=C3)NC4=CC=C(C=C4)C(=O)NCCC(=O)NC5=CC=CC=C5N,>20
836,145964935,CC1=C(C=C(C=C1)NC2=NC=CC(=N2)N(C)C3=CC4=NN(C(=C4C=C3)C)C)C(=O)NCCCCCC(=O)NO,0.82
837,141504728,CC1=C2C=CC(=CC2=NN1C)N(C)C3=NC(=NC=C3)NC4=CC=CC(=C4)C(=O)NC5=CC=CC=C5N,21.3
838,145966712,CC1=C2C=CC(=CC2=NN1C)N(C)C3=NC(=NC=C3)NC4=CC=C(C=C4)C(=O)NCCCCCCC(=O)NO,0.0033
839,145966738,CC1=C2C=CC(=CC2=NN1C)N(C)C3=NC(=NC=C3)NC4=CC=C(C=C4)C(=O)NCCCCCCCC(=O)NO,0.025
840,141504704,CC1=C2C=CC(=CC2=NN1C)N(C)C3=NC(=NC=C3)NC4=CC=C(C=C4)C(=O)NCCCCCCCC(=O)NC5=CC=CC=C5N,8.7
841,137487426,CC1=C2C=CC(=CC2=NN1C)N(C)C3=NC(=NC=C3)NC4=CC=CC(=C4)C(=O)NO,>20
842,145970971,CC1=C2C=CC(=CC2=NN1C)N(C)C3=NC(=NC=C3)NC4=CC=C(C=C4)C(=O)NCCC(=O)NO,>20
843,137487427,CC1=C2C=CC(=CC2=NN1C)N(C)C3=NC(=NC=C3)NC4=CC=CC(=C4)/C=C/C(=O)NO,3
844,137487429,CC1=C2C=CC(=CC2=NN1C)N(C)C3=NC(=NC=C3)NC4=CC=C(C=C4)/C=C/C(=O)NO,1.4
845,145974167,CC1=C2C=CC(=CC2=NN1C)N(C)C3=NC(=NC=C3)NC4=CC=C(C=C4)C(=O)NCCCCC(=O)NO,0.68
846,141504722,CC1=C2C=CC(=CC2=NN1C)N(C)C3=NC(=NC=C3)NC4=CC=C(C=C4)C(=O)NCCCCCC(=O)NC5=CC=CC=C5N,3
847,141504714,CC1=C2C=CC(=CC2=NN1C)N(C)C3=NC(=NC=C3)NC4=CC=C(C=C4)C(=O)NCCCCCCC(=O)NC5=CC=CC=C5N,5
848,145974717,CC1=C2C=CC(=CC2=NN1C)N(C)C3=NC(=NC=C3)NC4=CC=C(C=C4)C(=O)NCCCCCC(=O)NO,0.017
849,141504721,CC1=C(C=C(C=C1)NC2=NC=CC(=N2)N(C)C3=CC4=NN(C(=C4C=C3)C)C)C(=O)NO,>20
850,141504719,CC1=C2C=CC(=CC2=NN1C)N(C)C3=NC(=NC=C3)NC4=CC=C(C=C4)C(=O)NCCCCC(=O)NC5=CC=CC=C5N,15.1
851,137487425,CC1=C2C=CC(=CC2=NN1C)N(C)C3=NC(=NC=C3)NC4=CC=C(C=C4)C(=O)NO,11.3
852,137487451,CC1=C2C=CC(=CC2=NN1C)N(C)C3=NC(=NC=C3)NC4=CC=C(C=C4)C(=O)NCC(=O)NC5=CC=CC=C5N,>20
853,141504712,CC1=C2C=CC(=CC2=NN1C)N(C)C3=NC(=NC=C3)NC4=CC=C(C=C4)C(=O)NCCCC(=O)NC5=CC=CC=C5N,19
854,145976956,CC1=C2C=CC(=CC2=NN1C)N(C)C3=NC(=NC=C3)NC4=CC=CC(=C4)C(=O)NCCCCCC(=O)NO,0.18
855,137487458,CC1=C2C=CC(=CC2=NN1C)N(C)C3=NC(=NC=C3)NC4=CC=C(C=C4)C(=O)NCC(=O)NO,>20
856,145977548,CC1=C2C=CC(=CC2=NN1C)N(C)C3=NC(=NC=C3)NC4=CC=C(C=C4)C(=O)NCCCC(=O)NO,19.8
857,5311,C1=CC=C(C=C1)NC(=O)CCCCCCC(=O)NO,0.081
858,145950102,C1CC2=CC=CC=C2C3(C1)C(=O)N(C(=O)N3)CCCCCCC(=O)NO,0.114
859,145952135,COC1=CC=CC(=C1)N2C(=NC(=N2)C(=O)NCC(=O)NO)C3=CC(=C(C(=C3)OC)OC)OC,0.263
860,145955496,COC1=CC=CC(=C1)N2C(=NC(=N2)C(=O)NCCCCCC(=O)NO)C3=CC(=C(C(=C3)OC)OC)OC,0.232
861,444732,C[C@H](/C=C(\C)/C=C/C(=O)NO)C(=O)C1=CC=C(C=C1)N(C)C,0.025
862,9884685,C1COCCN1C2=NC(=NC3=C2OC4=C3C=CC=N4)C5=CC(=CC=C5)O,0
863,53344908,C1COCCC1(CNC(=O)C2=CC=CC(=C2)C3=NOC(=N3)C(F)(F)F)C4=NC(=CS4)C5=CC=CC=C5,0
864,142506163,CC[C@@H](C1=NC2=C(C(=CC=C2)NCC3=CN=C(C=C3)C(=O)NO)C(=O)N1C4=CC=CC=C4)NC5=NC=NC6=C5NC=N6,0
865,142506033,CC[C@@H](C1=NC2=CC=CC(=C2C(=O)N1C3=CC=CC=C3)CCCCC(=O)NO)NC4=NC=NC5=C4NC=N5,1.231
866,142506189,CC[C@@H](C1=NC2=C(C(=CC=C2)NCC3=CC=C(C=C3)C(=O)NO)C(=O)N1C4=CC=CC=C4)NC5=NC=NC6=C5NC=N6,7.173
867,142505968,CC[C@@H](C1=NC2=CC=CC=C2C(=N1)CCCCCC(=O)NO)NC3=NC=NC4=C3NC=N4,14.1
868,142506013,CC[C@@H](C1=NC2=CC=CC(=C2C(=O)N1C3=CC=CC=C3)C4=CC=C(C=C4)C(=O)NO)NC5=NC=NC6=C5NC=N6,0
869,142506225,CC[C@@H](C1=NC2=CC=CC(=C2C(=O)N1C3=CC=CC=C3)CNC4=NC=C(C=N4)C(=O)NO)NC5=NC=NC6=C5NC=N6,25.48
870,142505992,CC[C@@H](C1=NC2=CC=CC=C2C(=N1)CCCCC(=O)NO)NC3=NC=NC4=C3NC=N4,18.19
871,142506025,CC[C@@H](C1=NC2=C(C(=CC=C2)NCCCC(=O)NO)C(=O)N1C3=CC=CC=C3)NC4=NC=NC5=C4NC=N5,3.247
872,,,
873,,,
874,,,
875,,,
876,,,
877,,,
878,,,
879,,,
880,,,
881,,,
882,,,
883,,,
884,,,
885,,,
886,,,
887,,,
888,,,
889,,,
890,,,
891,,,
892,,,
893,,,
894,,,
895,,,
896,,,
897,,,
898,,,
899,,,
900,,,
901,,,
902,,,
903,,,
904,,,
905,,,
906,,,
907,,,
908,,,
909,,,
910,,,
911,,,
912,,,
913,,,
914,,,
915,,,
916,,,
917,,,
918,,,
919,,,
920,,,
921,,,
922,,,
923,,,
924,,,
925,,,
926,,,
927,,,
928,,,
929,,,
930,,,
931,,,
932,,,
933,,,
934,,,
935,,,
936,,,
937,,,
938,,,
939,,,
940,,,
941,,,
942,,,
943,,,
944,,,
945,,,
946,,,
947,,,
948,,,
949,,,
950,,,
951,,,
952,,,
953,,,
954,,,
955,,,
956,,,
957,,,
958,,,
959,,,
960,,,
961,,,
962,,,
963,,,
964,,,
965,,,
966,,,
967,,,
968,,,
969,,,
970,,,
971,,,
972,,,
973,,,
974,,,
975,,,
976,,,
977,,,
978,,,
979,,,
980,,,
981,,,
982,,,
983,,,
984,,,
985,,,
986,,,
987,,,
988,,,
989,,,
990,,,
991,,,
992,,,
993,,,
994,,,
995,,,
996,,,
997,,,
998,,,
999,,,
1000,2746,CC(=O)NC1=CC=C(C=C1)C(=O)NC2=CC=CC=C2N,0.147
1001,72734382,CC(=O)NC1=CC=C(C=C1)C(=O)NC2=C(C=C(C=C2)F)N,1.15
1002,2746,CC(=O)NC1=CC=C(C=C1)C(=O)NC2=CC=CC=C2N,0.83
1003,162644926,C1CC(=O)NC(=O)C1N2C(=O)C3=C(C2=O)C(=CC=C3)NCC(=O)NCCCCCCC(=O)NC4=CC=C(C=C4)C(=O)NC5=CC=CC=C5N,0.75
1004,162652027,C1CC(=O)NC(=O)C1N2C(=O)C3=C(C2=O)C(=CC=C3)NCC(=O)NCCCCC(=O)NC4=CC=C(C=C4)C(=O)NC5=C(C=C(C=C5)F)N,4.2
1005,162656162,C1CC(=O)NC(=O)C1N2C(=O)C3=C(C2=O)C(=CC=C3)NCCCC(=O)NC4=CC=C(C=C4)C(=O)NC5=CC=CC=C5N,1.2
1006,162656750,C1CC(=O)NC(=O)C1N2C(=O)C3=C(C2=O)C(=CC=C3)NCC(=O)NCCCCC(=O)NC4=CC=C(C=C4)C(=O)NC5=CC=CC=C5N,0.62
1007,162657608,C1CC(=O)NC(=O)C1N2C(=O)C3=C(C2=O)C(=CC=C3)NCCCCCC(=O)NC4=CC=C(C=C4)C(=O)NC5=CC=CC=C5N,0.97
1008,162660382,C1CC(=O)NC(=O)C1N2C(=O)C3=C(C2=O)C(=CC=C3)NCCCCC(=O)NC4=CC=C(C=C4)C(=O)NC5=CC=CC=C5N,1
1009,162662724,C1CC(=O)NC(=O)C1N2C(=O)C3=C(C2=O)C(=CC=C3)NCC(=O)NCCCC(=O)NC4=CC=C(C=C4)C(=O)NC5=CC=CC=C5N,1.5
1010,2746,CC(=O)NC1=CC=C(C=C1)C(=O)NC2=CC=CC=C2N,0.9
1011,4261,C1=CC=C(C(=C1)N)NC(=O)C2=CC=C(C=C2)CNC(=O)OCC3=CN=CC=C3,0.5
1012,785232,COC1=CC=C(C=C1)C(=O)NC2=CC=CC=C2N,0.9
1013,6445533,C1=CC=C2C(=C1)C(=CN2)CCN(CCO)CC3=CC=C(C=C3)C=CC(=O)NO,0.007
1014,6918878,CC(=O)NC1=CC=C(C=C1)C(=O)NC2=C(C=CC(=C2)C3=CC=CS3)N,0.1
1015,10110195,COC1=C(C=C(C=C1)NCC2=CC=C(C=C2)C(=O)NC3=CC=CC=C3O)OC,0.2
1016,11167060,COC1=C(C=C(C=C1)NCC2=CC=C(C=C2)C(=O)NC3=C(C=CC(=C3)C4=CC=CS4)N)OC,0.08
1017,11393847,C1=CSC(=C1)C2=CC(=C(C=C2)N)NC(=O)C3=CC4=NC=CN=C4C=C3,0.2
1018,15984110,COC1=C(C=C(C=C1)NCC2=CC=C(C=C2)C(=O)NC3=CC=CC=C3N)OC,0.5
1019,23648260,C1=CC(=CN=C1)COC(=O)NCC2=CC=C(C=C2)C(=O)NC3=C(C=CC(=C3)C4=CC=CS4)N,0.1
1020,23648261,COC1=C(C=C(C=C1)NCC2=CC=C(C=C2)C(=O)NC3=C(C=CC(=C3)C4=CC=CC=C4)N)OC,0.1
1021,23648262,COC1=C(C=C(C=C1)NCC2=CC=C(C=C2)C(=O)NC3=C(C=CC(=C3)C4=CSC=C4)N)OC,0.06
1022,23648263,COC1=C(C=C(C=C1)NCC2=CC=C(C=C2)C(=O)NC3=C(C=CC(=C3)C4=COC=C4)N)OC,0.07
1023,23648264,COC1=C(C=C(C=C1)NCC2=CC=C(C=C2)C(=O)NC3=C(C=CC(=C3)C4=CC5=CC=CC=C5S4)N)OC,> 10
1024,23648265,COC1=C(C=C(C=C1)NCC2=CC=C(C=C2)C(=O)NC3=C(C=C(C=C3)C4=CC=CS4)N)OC,> 10
1025,23648266,COC1=C(C=C(C=C1)NCC2=CC=C(C=C2)C(=O)NC3=C(C=CC(=C3)C4=CC=CS4)O)OC,0.06
1026,23648267,C1=CC=C(C(=C1)N)NC(=O)C2=CC3=NC=CN=C3C=C2,2
1027,23648268,COC1=CC=C(C=C1)C(=O)NC2=C(C=CC(=C2)C3=CC=CS3)N,0.2
1028,2746,CC(=O)NC1=CC=C(C=C1)C(=O)NC2=CC=CC=C2N,1.2
1029,4261,C1=CC=C(C(=C1)N)NC(=O)C2=CC=C(C=C2)CNC(=O)OCC3=CN=CC=C3,0.48
1030,5311,C1=CC=C(C=C1)NC(=O)CCCCCCC(=O)NO,0.18
1031,9800555,C1=CC(=CN=C1)C=CC(=O)NCC2=CC=C(C=C2)C(=O)NC3=C(C=CC(=C3)F)N,0.37
1032,145978932,CCN(CC1=CC=NC=C1)C(=S)SCC2=CC=C(C=C2)C(=O)NC3=CC=CC=C3N,0.9
1033,145985400,C1CN(CCN1C2=CC=NC=C2)C(=S)SCC3=CC=C(C=C3)C(=O)NC4=CC=CC=C4N,0.47
1034,145988041,C1CN(CC2=CC=CC=C21)C(=S)SCC3=CC=C(C=C3)C(=O)NC4=CC=CC=C4N,3.23
1035,2746,CC(=O)NC1=CC=C(C=C1)C(=O)NC2=CC=CC=C2N,1.2
1036,134224487,C1=CC=C(C(=C1)N)NC(=O)C2=CC=C(C=C2)COC3=CC=C(C=C3)F,0.57
1037,2746,CC(=O)NC1=CC=C(C=C1)C(=O)NC2=CC=CC=C2N,1.92
1038,4261,C1=CC=C(C(=C1)N)NC(=O)C2=CC=C(C=C2)CNC(=O)OCC3=CN=CC=C3,0.67
1039,9800555,C1=CC(=CN=C1)C=CC(=O)NCC2=CC=C(C=C2)C(=O)NC3=C(C=CC(=C3)F)N,0.31
1040,155537008,CN1C(=O)C2=C(C=C(C=C2)OC)N=C1SCC3=CC=C(C=C3)C(=O)NC4=CC=CC=C4N,0.16
1041,155549051,COC1=CC2=C(C=C1)C(=O)N(C(=N2)SCC3=CC=C(C=C3)C(=O)NC4=CC=CC=C4N)C5=CC=CC=C5Cl,0.61
1042,155563558,CCN1C(=O)C2=C(C=C(C=C2)OC)N=C1SCC3=CC=C(C=C3)C=CC(=O)NC4=CC=CC=C4N,0.18
1043,155568767,CN1C(=O)C2=C(C=C(C=C2)Br)N=C1SCC3=CC=C(C=C3)C(=O)NC4=CC=CC=C4N,0.53
1044,2746,CC(=O)NC1=CC=C(C=C1)C(=O)NC2=CC=CC=C2N,1.92
1045,9800555,C1=CC(=CN=C1)C=CC(=O)NCC2=CC=C(C=C2)C(=O)NC3=C(C=CC(=C3)F)N,0.31
1046,10135838,C1=CC=C(C(=C1)N)NC(=O)C2=CC=C(C=C2)CSC3=NC=CC(=N3)C(F)(F)F,0.441
1047,155513116,CC1=CC(=CC(=C1)SCC2=CC=C(C=C2)C(=O)NC3=CC=CC=C3N)C,0.139
1048,155518496,COC1=CC=C(C=C1)SCC2=CC=C(C=C2)C(=O)NC3=CC=CC=C3N,0.205
1049,155521283,CCC1=CC=C(C=C1)SCC2=CC=C(C=C2)C(=O)NC3=CC=CC=C3N,0.144
1050,2746,CC(=O)NC1=CC=C(C=C1)C(=O)NC2=CC=CC=C2N,3.85
1051,5173,C(CCCC(=O)NO)CCC(=O)NO,8.23
1052,5311,C1=CC=C(C=C1)NC(=O)CCCCCCC(=O)NO,0.55
1053,127041696,CC(C)(C)OC(=O)N(C(=O)CCCCCCC(=O)N(C(=O)OC(C)(C)C)OC(=O)OC(C)(C)C)OC(=O)OC(C)(C)C,29.85
1054,264,CCCC(=O)O,12
1055,3121,CCCC(CCC)C(=O)O,62
1056,4775,C1=CC=C(C=C1)CCCC(=O)O,65
1057,88129,CCCC(CCC)C(=O)NO,680
1058,279980,C1=CC=C(C=C1)CCCC(=O)NO,0.6
1059,419176,CCCC(=O)NO,9
1060,3121,CCCC(CCC)C(=O)O,102.74
1061,5311,C1=CC=C(C=C1)NC(=O)CCCCCCC(=O)NO,0.035
1062,444732,CC(C=C(C)C=CC(=O)NO)C(=O)C1=CC=C(C=C1)N(C)C,0.096
1063,164609075,C1=CC=C(C=C1)N2C(=NN=C2SCC3=CC=C(C=C3)C(=O)NO)C4=CC=NC=C4,9.76
1064,164610004,CCN1C(=NN=C1SCCCCCC(=O)NC2=CC=CC=C2N)C3=CC=NC=C3,27.13
1065,164611431,CN1C(=NN=C1SCCCCCC(=O)NO)C2=CC=NC=C2,0.09
1066,164613059,CN1C(=NN=C1SCC2=CC=C(C=C2)C(=O)NC3=CC=CC=C3N)C4=CC=NC=C4,12.97
1067,164613288,C=CCN1C(=NN=C1SCCCCCC(=O)O)C2=CC=NC=C2,10.12
1068,164614861,CN1C(=NN=C1SCCCCCC(=O)O)C2=CC=NC=C2,7.36
1069,164615117,C=CCN1C(=NN=C1SCC2=CC=C(C=C2)C(=O)NC3=CC=CC=C3N)C4=CC=NC=C4,1.28
1070,164616422,CCN1C(=NN=C1SCCCCCC(=O)O)C2=CC=NC=C2,26.39
1071,164617449,CN1C(=NN=C1SCC2=CC=C(C=C2)C(=O)NO)C3=CC=NC=C3,4.35
1072,164618088,C=CCN1C(=NN=C1SCCCCCC(=O)NO)C2=CC=NC=C2,11.72
1073,164619142,CCN1C(=NN=C1SCCCCCC(=O)NO)C2=CC=NC=C2,28.93
1074,164619368,C=CCN1C(=NN=C1SCC2=CC=C(C=C2)C(=O)NO)C3=CC=NC=C3,11.19
1075,164619568,CCN1C(=NN=C1SCC2=CC=C(C=C2)C(=O)NO)C3=CC=NC=C3,30.39
1076,164621002,C=CCN1C(=NN=C1SCCCCCC(=O)NC2=CC=CC=C2N)C3=CC=NC=C3,1.4
1077,164621264,C1=CC=C(C=C1)N2C(=NN=C2SCCCCCC(=O)O)C3=CC=NC=C3,0.64
1078,164623524,C1=CC=C(C=C1)N2C(=NN=C2SCC3=CC=C(C=C3)C(=O)NC4=CC=CC=C4N)C5=CC=NC=C5,8.39
1079,164624585,CN1C(=NN=C1SCCCCCC(=O)NC2=CC=CC=C2N)C3=CC=NC=C3,14.36
1080,164627185,C1=CC=C(C=C1)N2C(=NN=C2SCCCCCC(=O)NC3=CC=CC=C3N)C4=CC=NC=C4,38.73
1081,164627615,C1=CC=C(C=C1)N2C(=NN=C2SCCCCCC(=O)NO)C3=CC=NC=C3,32.36
1082,164627790,CCN1C(=NN=C1SCC2=CC=C(C=C2)C(=O)NC3=CC=CC=C3N)C4=CC=NC=C4,40.07
1083,4261,C1=CC=C(C(=C1)N)NC(=O)C2=CC=C(C=C2)CNC(=O)OCC3=CN=CC=C3,0.0012
1084,4261,C1=CC=C(C(=C1)N)NC(=O)C2=CC=C(C=C2)CNC(=O)OCC3=CN=CC=C3,0.015
1085,5311,C1=CC=C(C=C1)NC(=O)CCCCCCC(=O)NO,0.036
1086,444732,CC(C=C(C)C=CC(=O)NO)C(=O)C1=CC=C(C=C1)N(C)C,0.001
1087,6675804,C1C(OC(OC1C2=CC=C(C=C2)CO)C3=CC=C(C=C3)NC(=O)CCCCCCC(=O)NO)CSC4=NC(=C(O4)C5=CC=CC=C5)C6=CC=CC=C6,0.26
1088,6918328,CCC(C)C1C(=O)N2CCCCC2C(=O)NC(C(=O)NC(C(=O)N1)CC3=CN(C4=CC=CC=C43)OC)CCCCCC(=O)CC,0.001
1089,4261,C1=CC=C(C(=C1)N)NC(=O)C2=CC=C(C=C2)CNC(=O)OCC3=CN=CC=C3,< 0.1
1090,2173124,CC1=CC=C(C=C1)C2=NN(C=C2C=CC(=O)NC3=CC=CC=C3)C4=CC=CC=C4,8.75
1091,2175719,CC1=CC=C(C=C1)C2=NN(C=C2C=CC(=O)NC3=CC=C(C=C3)OC)C4=CC=CC=C4,6.45
1092,2295078,COC1=CC=C(C=C1)C2=NN(C=C2C=CC(=O)NC3=CC=C(C=C3)OC)C4=CC=CC=C4,3.02
1093,2423676,COC1=CC=C(C=C1)NC(=O)C=CC2=CN(N=C2C3=CC=C(C=C3)Br)C4=CC=CC=C4,5.35
1094,2423687,CC1=CC=C(C=C1)C2=NN(C=C2C=CC(=O)NC3=CC=C(C=C3)Cl)C4=CC=CC=C4,5.86
1095,70681968,C1=CC=C(C=C1)N2C=C(C(=N2)C3=CC=C(C=C3)Br)C=CC(=O)NC4=CC=C(C=C4)Br,4.87
1096,70684090,C1=CC=C(C=C1)N2C=C(C(=N2)C3=CC=C(C=C3)Br)C=CC(=O)NC4=CC=C(C=C4)Cl,4.99
1097,70684091,C1=CC=C(C=C1)NC(=O)C=CC2=CN(N=C2C3=CC=C(C=C3)[N+](=O)[O-])C4=CC=CC=C4,1.15
1098,70686231,C1=CC=C(C=C1)N2C=C(C(=N2)C3=CC=C(C=C3)[N+](=O)[O-])C=CC(=O)NC4=CC=C(C=C4)Cl,0.57
1099,70686232,COC1=CC=C(C=C1)NC(=O)C=CC2=CN(N=C2C3=CC=C(C=C3)[N+](=O)[O-])C4=CC=CC=C4,1.15
1100,70688346,CC1=CC=C(C=C1)C2=NN(C=C2C=CC(=O)NC3=CC=C(C=C3)Br)C4=CC=CC=C4,5.02
1101,70690378,C1=CC=C(C=C1)NC(=O)C=CC2=CN(N=C2C3=CC=C(C=C3)Br)C4=CC=CC=C4,6.52
1102,70694590,COC1=CC=C(C=C1)C2=NN(C=C2C=CC(=O)NC3=CC=CC=C3)C4=CC=CC=C4,2.67
1103,70694591,COC1=CC=C(C=C1)C2=NN(C=C2C=CC(=O)NC3=CC=C(C=C3)Cl)C4=CC=CC=C4,2.36
1104,70696631,COC1=CC=C(C=C1)C2=NN(C=C2C=CC(=O)NC3=CC=C(C=C3)Br)C4=CC=CC=C4,2.17
1105,70696632,C1=CC=C(C=C1)N2C=C(C(=N2)C3=CC=C(C=C3)[N+](=O)[O-])C=CC(=O)NC4=CC=C(C=C4)Br,0.55
1106,4261,C1=CC=C(C(=C1)N)NC(=O)C2=CC=C(C=C2)CNC(=O)OCC3=CN=CC=C3,0.1082
1107,5311,C1=CC=C(C=C1)NC(=O)CCCCCCC(=O)NO,0.08923
1108,6918837,CC1=C(C2=CC=CC=C2N1)CCNCC3=CC=C(C=C3)C=CC(=O)NO,0.0132
1109,155511274,CCCNNC(=O)C1=CC=C(C=C1)OCC2=CC=CC=C2,0.1746
1110,155516139,CCCNNC(=O)C1=CC=CC(=C1)CNCCC2=C(NC3=CC=CC=C32)C.C(=O)(C(F)(F)F)O,4.942
1111,155517175,CCCNNC(=O)C=CC1=CC=C(C=C1)CNCCC2=C(NC3=CC=CC=C32)C.C(=O)(C(F)(F)F)O,0.0495
1112,155520399,CCCCCCN(CCC)NC(=O)C=CC1=CC=C(C=C1)CNCCC2=C(NC3=CC=CC=C32)C.C(=O)(C(F)(F)F)O,9.835
1113,155520741,CC1=C(C2=CC=CC=C2N1)CCNCC3=CC=C(C=C3)C=CC(=O)NN(CCCO)CCCO.C(=O)(C(F)(F)F)O,> 10
1114,155522601,CC1=C(C2=CC=CC=C2N1)CCNCC3=CC=C(C=C3)C=CC(=O)NN4CCCC4.C(=O)(C(F)(F)F)O,> 10
1115,155525662,CC1=C(C2=CC=CC=C2N1)CCNCC3=CC=C(C=C3)C=CC(=O)NNCCC(=O)OC.C(=O)(C(F)(F)F)O,4.214
1116,155526247,CC1=C(C2=CC=CC=C2N1)CCNCC3=CC=C(C=C3)C=CC(=O)NNCCN.C(=O)(C(F)(F)F)O,> 10
1117,155527290,CCCCN(CCC)NC(=O)C=CC1=CC=C(C=C1)CNCCC2=C(NC3=CC=CC=C32)C.C(=O)(C(F)(F)F)O,3.222
1118,155530932,CCCCCN(CCC)NC(=O)C=CC1=CC=C(C=C1)CNCCC2=C(NC3=CC=CC=C32)C.C(=O)(C(F)(F)F)O,7.316
1119,155531159,CCCNNC(=O)C1=CC=C(C=C1)NC(=O)C2=CC=CC=C2,0.4741
1120,155537405,CCCN(CC)NC(=O)C=CC1=CC=C(C=C1)CNCCC2=C(NC3=CC=CC=C32)C.C(=O)(C(F)(F)F)O,8.071
1121,155537455,CC1=C(C2=CC=CC=C2N1)CCNCC3=CC=C(C=C3)C=CC(=O)NNCCC#N.C(=O)(C(F)(F)F)O,0.172
1122,155539714,CCCN(CCC)NC(=O)C=CC1=CC=C(C=C1)CNCCC2=C(NC3=CC=CC=C32)C.C(=O)(C(F)(F)F)O,1.366
1123,155540719,CCCNNC(=O)C1=CC=CC(=C1)CN(CCC2=C(NC3=CC=CC=C32)C)C(=O)OC(C)(C)C,> 5
1124,155544603,CC1=C(C2=CC=CC=C2N1)CCNCC3=CC=C(C=C3)C=CC(=O)NN4CCCCC4.C(=O)(C(F)(F)F)O,> 10
1125,155546022,CCCNNC(=O)C1=CC=C(C=C1)CNCCC2=C(NC3=CC=CC=C32)C.C(=O)(C(F)(F)F)O,0.1075
1126,155546691,CCCNNC(=O)C1=CC=C(C=C1)NCC2=CC=CC=C2,0.06748
1127,155552802,CC1=C(C2=CC=CC=C2N1)CCNCC3=CC=C(C=C3)C=CC(=O)NN(C)C.C(=O)(C(F)(F)F)O,12.93
1128,155557199,CCCNNC(=O)C1=CC=C(C=C1)CN(CCC2=C(NC3=CC=CC=C32)C)C(=O)OC(C)(C)C,0.2786
1129,155557418,CCCNNC(=O)C1=CC=C(C=C1)CN(CC2=CC=CC=C2)C(=O)OC(C)(C)C,0.5793
1130,155561265,CCCNNC(=O)C=CC1=CC=C(C=C1)CN(CCC2=C(NC3=CC=CC=C32)C)C(=O)OC(C)(C)C,1.298
1131,155562145,CCCNNC(=O)C1=CC=C(C=C1)CNCC2=CC=CC=C2.C(=O)(C(F)(F)F)O,0.4413
1132,11538455,CN1C=C(C2=CC=CC=C21)CNCC3CCN(CC3)C4=NC=C(C=N4)C(=O)NO,0.00216
1133,444732,CC(C=C(C)C=CC(=O)NO)C(=O)C1=CC=C(C=C1)N(C)C,0.00274
1134,4261,C1=CC=C(C(=C1)N)NC(=O)C2=CC=C(C=C2)CNC(=O)OCC3=CN=CC=C3,0.247
1135,53340426,C1=CC=C(C=C1)N(C2=CC=CC=C2Cl)C3=NC=C(C=N3)C(=O)NCCCCCCC(=O)NO,0.318
1136,53340666,C1=CC=C(C=C1)N(C2=CC=CC=C2)C3=NC=C(C=N3)C(=O)NCCCCCCC(=O)NO,0.379
1137,11688197,CC(C)(C)C1=CC=C(C=C1)C(=O)NC2=CC=C(C=C2)C(=O)NO,> 1
1138,11556677,CCC(=O)CCCCCC(C1=NC=C(N1)C2=CC3=CC=CC=C3N=C2OC)NC(=O)C4CN(C4)C,0.018
1139,5311,C1=CC=C(C=C1)NC(=O)CCCCCCC(=O)NO,0.082
1140,4261,C1=CC=C(C(=C1)N)NC(=O)C2=CC=C(C=C2)CNC(=O)OCC3=CN=CC=C3,0.25
1141,11700059,CCC(=O)CCCCCC(C1=NC=C(N1)C2=CC=CC=C2)NC(=O)CC3=C(NC4=C3C=C(C=C4)OC)C,0.059
1142,5311,C1=CC=C(C=C1)NC(=O)CCCCCCC(=O)NO,0.082
1143,24853793,CC1=C(C2=C(N1)C=CC(=C2)OC)CC(=O)NC(CCCCCC(=O)C)C3=NC=C(N3)C4=CC=CC=C4,0.11
1144,4261,C1=CC=C(C(=C1)N)NC(=O)C2=CC=C(C=C2)CNC(=O)OCC3=CN=CC=C3,0.25
1145,24853792,CC1=C(C2=C(N1)C=CC(=C2)OC)CC(=O)NC(CCCCCC(=O)C)C3=NC4=C(N3)C=C(C=C4)Cl,0.88
1146,5311,C1=CC=C(C=C1)NC(=O)CCCCCCC(=O)NO,0.018
1147,4261,C1=CC=C(C(=C1)N)NC(=O)C2=CC=C(C=C2)CNC(=O)OCC3=CN=CC=C3,< 0.3
1148,6918878,CC(=O)NC1=CC=C(C=C1)C(=O)NC2=C(C=CC(=C2)C3=CC=CS3)N,< 0.3
1149,6918837,CC1=C(C2=CC=CC=C2N1)CCNCC3=CC=C(C=C3)C=CC(=O)NO,< 0.3
1150,71681069,C1=CC=C(C=C1)NC(=O)C=CC2=CC(=CC=C2)C(=O)NO,4.8
1151,71680913,C1=CC=C(C=C1)CCNC(=O)C2=CC(=CC=C2)C(=O)NO,9
1152,71680915,C1=CC=C(C=C1)CNC(=O)C2=CC(=CC=C2)C(=O)NO,11
1153,71680914,C1=CC(=CC(=C1)C(=O)NO)C(=O)NCCC2=CN=CC=C2,20
1154,71680916,C1=CC=C(C=C1)NC(=O)C2=CC(=CC=C2)C(=O)NO,30
1155,4288771,CC1=CC(=CC=C1)C(=O)NO,> 33
1156,71680918,C1=CC=C(C=C1)NCC2=CC(=CC=C2)C(=O)NO,> 33
1157,71680917,CNC(=O)C1=CC(=CC=C1)C(=O)NO,> 33
1158,23648260,C1=CC(=CN=C1)COC(=O)NCC2=CC=C(C=C2)C(=O)NC3=C(C=CC(=C3)C4=CC=CS4)N,0.006
1159,25032862,COC(=O)NCC1=CC=C(C=C1)C(=O)NC2=C(C=CC(=C2)C3=CC=CC=C3)N,0.013
1160,25155956,CCOC(=O)NCC1=CC=C(C=C1)C(=O)NC2=C(C=CC(=C2)C3=CC=CS3)N,0.071
1161,25155417,C1=CC=C(C=C1)C2=CC(=C(C=C2)N)NC(=O)C3=CC=C(C=C3)CNC(=O)OCC4=CN=CC=C4,0.072
1162,44447194,COC(=O)NCC1=CC=C(C=C1)C(=O)NC2=C(C=CC(=C2)C3=CC=CS3)N,0.105
1163,5311,C1=CC=C(C=C1)NC(=O)CCCCCCC(=O)NO,0.17
1164,4261,C1=CC=C(C(=C1)N)NC(=O)C2=CC=C(C=C2)CNC(=O)OCC3=CN=CC=C3,0.34
1165,137656290,C1COC2(C3=C(C=CC(=C3)Br)N(C2=O)CCC(=O)NC4=CC=C(C=C4)C(=O)NC5=CC=CC=C5N)OC1,0.026
1166,137659898,C1COC2(O1)C3=C(C=CC(=C3)Br)N(C2=O)CC(=O)NC4=CC=C(C=C4)C(=O)NC5=CC=CC=C5N,0.128
1167,137648171,C1COC2(C3=C(C=CC(=C3)Cl)N(C2=O)CC(=O)NCC4=CC=C(C=C4)C(=O)NC5=C(C=CC(=C5)C6=CC=CS6)N)OC1,0.179
1168,137643760,C1COC2(C3=C(C=CC(=C3)Cl)N(C2=O)CC(=O)NCC4=CC=C(C=C4)C(=O)NC5=CC=CC=C5N)OC1,0.223
1169,132569672,C1COC2(C3=C(C=CC(=C3)Cl)N(C2=O)CCC(=O)NC4=CC=C(C=C4)C(=O)NC5=CC=CC=C5N)OC1,0.256
1170,4261,C1=CC=C(C(=C1)N)NC(=O)C2=CC=C(C=C2)CNC(=O)OCC3=CN=CC=C3,0.396
1171,5311,C1=CC=C(C=C1)NC(=O)CCCCCCC(=O)NO,0.22
1172,145966712,CC1=C2C=CC(=CC2=NN1C)N(C)C3=NC(=NC=C3)NC4=CC=C(C=C4)C(=O)NCCCCCCC(=O)NO,0.38
1173,4261,C1=CC=C(C(=C1)N)NC(=O)C2=CC=C(C=C2)CNC(=O)OCC3=CN=CC=C3,0.4
1174,138393067,CC1=C2C=CC(=CC2=NN1C)N(C)C3=NC(=NC=C3)NC4=CC=C(C=C4)C(=O)NC5=CC=CC=C5N,0.91
1175,141504704,CC1=C2C=CC(=CC2=NN1C)N(C)C3=NC(=NC=C3)NC4=CC=C(C=C4)C(=O)NCCCCCCCC(=O)NC5=CC=CC=C5N,1.26
1176,137487429,CC1=C2C=CC(=CC2=NN1C)N(C)C3=NC(=NC=C3)NC4=CC=C(C=C4)C=CC(=O)NO,5.3
1177,4261,C1=CC=C(C(=C1)N)NC(=O)C2=CC=C(C=C2)CNC(=O)OCC3=CN=CC=C3,0.41
1178,155530254,CN(CC1=CC=C(C=C1)C(=O)NC2=CC=CC=C2N)C3=CC=CC=C3,0.5
1179,155513171,C1=CC=C(C=C1)NCCCCCC(=O)NC2=CC=CC=C2N,1.3
1180,155563524,C1=CC=C(C=C1)NCC2=CC=C(C=C2)C(=O)NC3=CC=CC=C3N,1.4
1181,155558642,C1=CC=C(C=C1)C(=O)CCCCCC(=O)NC2=CC=CC=C2N,3.7
1182,155555330,CC(C1=CC=C(C=C1)C(=O)NC2=CC=CC=C2N)NC3=CC=CC=C3,4.2
1183,155514314,C1=CC=C(C=C1)NC(=O)C2=CC=C(C=C2)C(=O)NC3=CC=CC=C3N,5.4
1184,155560779,CC(C1=CC=C(C=C1)C(=O)NC2=CC=CC=C2N)NC3=CC=CC=C3,7
1185,155547009,C1=CC=C(C=C1)C(=O)NCCCCC(=O)NC2=CC=CC=C2N,8.1
1186,155566833,CC(C1=CC=C(C=C1)C(=O)NC2=CC=CC=C2N)NC3=CC=CC=C3,8.3
1187,56650312,C1=CC=C(C=C1)C=CCN2C=C(C=N2)C=CC(=O)NC3=C(C=C(C=C3)F)N,9.7
1188,444732,CC(C=C(C)C=CC(=O)NO)C(=O)C1=CC=C(C=C1)N(C)C,0.01
1189,5311,C1=CC=C(C=C1)NC(=O)CCCCCCC(=O)NO,0.4
1190,4261,C1=CC=C(C(=C1)N)NC(=O)C2=CC=C(C=C2)CNC(=O)OCC3=CN=CC=C3,0.5
1191,5186,C1=CC2=C3C(=C1)C(=O)N(C(=O)C3=CC=C2)CCCCCC(=O)NO,0.7
1192,5311,C1=CC=C(C=C1)NC(=O)CCCCCCC(=O)NO,0.017
1193,132576538,CCOC1=CC(=CC2=C1OCC(=C2)[N+](=O)[O-])NC(=O)CCCCCCC(=O)NC3=CC=CC=C3N,0.439
1194,4261,C1=CC=C(C(=C1)N)NC(=O)C2=CC=C(C=C2)CNC(=O)OCC3=CN=CC=C3,0.505
1195,132576539,CCOC1=CC(=CC2=C1OCC(=C2)[N+](=O)[O-])NC(=O)CCCCCC(=O)NC3=C(C=CC(=C3)C4=CC=CC=C4)N,0.659
1196,132576542,CCOC1=CC(=CC2=C1OCC(=C2)[N+](=O)[O-])NC(=O)CCCCCC(=O)NC3=CC=CC=C3N,0.759
1197,132576540,CCOC1=CC(=CC2=C1OCC(=C2)[N+](=O)[O-])NC(=O)CCCCCCC(=O)NC3=C(C=CC(=C3)C4=CC=CC=C4)N,0.827
1198,132576544,CCOC1=CC(=CC2=C1OCC(=C2)[N+](=O)[O-])NC(=O)CCCCCNC(=O)C(CC3=CC=CC=C3)N,1.294
1199,132576541,CCOC1=CC(=CC2=C1OCC(=C2)[N+](=O)[O-])NC(=O)CCCCCC(=O)NC3=C(C=CC(=C3)C4=CC=C(S4)C)N,1.788
1200,132576546,CCOC1=CC(=CC2=C1OCC(=C2)[N+](=O)[O-])NC(=O)CCCCNC(=O)C(CC3=CC=CC=C3)N,2.915
1201,5311,C1=CC=C(C=C1)NC(=O)CCCCCCC(=O)NO,0.146
1202,155537112,CN(C)C1=CC=C(C=C1)C(=O)N(CC2=CC=C(C=C2)C(=O)NC3=CC=CC=C3N)CC(=O)NCC4=CC=CC=C4,0.283
1203,155527295,CC1=CC(=CC(=C1)C(=O)N(CC2=CC=C(C=C2)C(=O)NC3=CC=CC=C3N)CC(=O)NCC4=CC=CC=C4)C,0.485
1204,4261,C1=CC=C(C(=C1)N)NC(=O)C2=CC=C(C=C2)CNC(=O)OCC3=CN=CC=C3,0.505
1205,155527955,C1=CC=C(C=C1)CNC(=O)CN(CC2=CC=C(C=C2)C(=O)NC3=CC=CC=C3N)C(=O)C4=CN=CC=C4,0.786
1206,155514532,CN(C)C1=CC=C(C=C1)C(=O)N(CCCCCC(=O)NC2=CC=CC=C2N)CC(=O)NCC3=CC=CC=C3,1.24
1207,155531533,CC1=CC(=CC(=C1)C(=O)N(CCCCCC(=O)NC2=CC=CC=C2N)CC(=O)NCC3=CC=CC=C3)C,1.6
1208,155559872,CC1=CC(=CC(=C1)C(=O)N(CCCCCC(=O)NC2=C(C=CC(=C2)C3=CC=CC=C3)N)CC(=O)NCC4=CC=CC=C4)C,1.81
1209,155564587,C1=CC=C(C=C1)CNC(=O)CN(CCCCCC(=O)NC2=CC=CC=C2N)C(=O)C3=CC=CC4=CC=CC=C43,1.9
1210,155521822,CN(C)C1=CC=C(C=C1)C(=O)N(CCCCCC(=O)NC2=C(C=CC(=C2)F)N)CC(=O)NCC3=CC=CC=C3,3.06
1211,155517418,CC1=CC(=CC(=C1)CNC(=O)CN(CCCCCC(=O)NC2=CC=CC=C2N)C(=O)C3=CC(=CC(=C3)C)C)C,4.1
1212,155521965,CC1=CC=C(C=C1)CNC(=O)CN(CCCCCC(=O)NC2=CC=CC=C2N)C(=O)C3=CC(=CC(=C3)C)C,5.03
1213,155541992,C1CCC(CC1)NC(=O)CN(CCCCCC(=O)NC2=CC=CC=C2N)C(=O)C3=CC=CC4=CC=CC=C43,5.38
1214,155529690,C1CCC(CC1)NC(=O)CN(CCCCCC(=O)NC2=CC=CC=C2N)C(=O)C3=CC=CC=C3,5.95
1215,155524660,CC1=CC(=CC(=C1)C(=O)N(CCCCCC(=O)NC2=CC=CC=C2N)CC(=O)NC3CCCCC3)C,6.66
1216,56654642,CC1=CC=C(C=C1)C(=O)NCCCCCC(=O)NC2=CC=CC=C2N,
1217,4261,C1=CC=C(C(=C1)N)NC(=O)C2=CC=C(C=C2)CNC(=O)OCC3=CN=CC=C3,0.61
1218,162651670,COC1=CC=C(C=C1)S(=O)(=O)NC2=CC=CC=C2NCC3=CC=C(C=C3)C(=O)NC4=CC=CC=C4N,1.47
1219,162642931,COC1=CC=C(C=C1)S(=O)(=O)NC2=CC=CC=C2OCC3=CC=C(C=C3)C(=O)NC4=CC=CC=C4N,4.95
1220,162656120,COC1=CC=C(C=C1)S(=O)(=O)NC2=CC=CC=C2CCC3=CC=C(C=C3)C(=O)NC4=C(C=CC(=C4)F)N,9.08
1221,162668613,COC1=CC=C(C=C1)S(=O)(=O)NC2=CC=CC=C2CCC3=CC=C(C=C3)C(=O)NC4=CC=CC=C4N,> 10
1222,444732,CC(C=C(C)C=CC(=O)NO)C(=O)C1=CC=C(C=C1)N(C)C,0.0391
1223,4261,C1=CC=C(C(=C1)N)NC(=O)C2=CC=C(C=C2)CNC(=O)OCC3=CN=CC=C3,0.613
1224,155527045,COC1=CC=C(C=C1)S(=O)(=O)N2CCC3=C2C(=CC=C3)NCC4=CC=C(C=C4)C(=O)NC5=CC=CC=C5N,0.662
1225,162674252,COC1=CC=C(C=C1)CNC2=C3C=CN(C3=NC(=N2)N)CC4=CC=C(C=C4)C(=O)NC5=CC=CC=C5N,0.407
1226,162661379,COC1=CC(=CC(=C1)CNC2=NC(=NC3=C2C=CN3)NCC4=CC=C(C=C4)C(=O)NC5=CC=CC=C5N)OC,0.481
1227,4261,C1=CC=C(C(=C1)N)NC(=O)C2=CC=C(C=C2)CNC(=O)OCC3=CN=CC=C3,0.613
1228,162668663,COC1=CC(=CC(=C1)NC2=C3C(=NC(=N2)N)N(C=N3)CC4=CC=C(C=C4)C(=O)NC5=CC=CC=C5N)OC,0.179
1229,162670784,C1=CC=C(C(=C1)N)NC(=O)C2=CC=C(C=C2)CN3C=NC4=C(N=C(N=C43)N)NC5=CC(=C(C=C5)F)Cl,0.585
1230,4261,C1=CC=C(C(=C1)N)NC(=O)C2=CC=C(C=C2)CNC(=O)OCC3=CN=CC=C3,0.613
1231,162664727,CC1=C(NN=C1)NC2=C3C(=NC(=N2)Cl)N(C=N3)CC4=CC=C(C=C4)C(=O)NC5=CC=CC=C5N,0.739
1232,162664919,C1=CC=C(C(=C1)N)NC(=O)C2=CC=C(C=C2)CN3C=NC4=C3N=C(N=C4Cl)N,0.761
1233,162671387,C1=CC(=CC=C1CN2C=CC3=C2N=C(N=C3Cl)N)C(=O)NC4=C(C=CC(=C4)F)N,1.15
1234,162672667,C1=CC=C(C(=C1)N)NC(=O)C2=CC=C(C=C2)CN3C=NC4=C(N=C(N=C43)Cl)NC5=CC=C(C=C5)C(=O)NO,1.45
1235,162664149,C1=CC=C(C(=C1)N)NC(=O)C2=CC=C(C=C2)CN3C=CC4=C(N=C(N=C43)N)NC5=CC(=C(C=C5)F)Cl,1.46
1236,162666240,C1=CC=C(C(=C1)N)NC(=O)C2=CC=C(C=C2)CN3C=NC4=C(N=C(N=C43)Cl)NC5=CC(=C(C=C5)F)Cl,3.78
1237,162665210,C1=CC=C(C(=C1)N)NC(=O)C2=CC=C(C=C2)CN3C=CC4=C3N=C(N=C4Cl)Cl,6.51
1238,118735151,C1=CC=C(C(=C1)N)NC(=O)C2=CC=C(C=C2)CNCC3=NC(=NO3)C4=CC=C(C=C4)[N+](=O)[O-],0.15
1239,118735152,C1=CC=C(C(=C1)N)NC(=O)C2=CC=C(C=C2)CNCC3=NC(=NO3)C4=CC=C(C=C4)F,0.28
1240,5311,C1=CC=C(C=C1)NC(=O)CCCCCCC(=O)NO,0.28
1241,118735148,COC1=CC=C(C=C1)C2=NOC(=N2)CNCC3=CC=C(C=C3)C(=O)NC4=CC=CC=C4N,0.29
1242,118735155,C1=CC=C(C(=C1)C2=NOC(=N2)CNCC3=CC=C(C=C3)C(=O)NC4=CC=CC=C4N)Cl,0.32
1243,118735150,C1=CC=C(C(=C1)N)NC(=O)C2=CC=C(C=C2)CNCC3=NC(=NO3)C4=CC=C(C=C4)Cl,0.43
1244,118735146,C1=CC=C(C=C1)C2=NOC(=N2)CNCC3=CC=C(C=C3)C(=O)NC4=CC=CC=C4N,0.53
1245,118735147,CC1=CC=C(C=C1)C2=NOC(=N2)CNCC3=CC=C(C=C3)C(=O)NC4=CC=CC=C4N,0.56
1246,4261,C1=CC=C(C(=C1)N)NC(=O)C2=CC=C(C=C2)CNC(=O)OCC3=CN=CC=C3,0.65
1247,118735153,C1=CC=C(C(=C1)N)NC(=O)C2=CC=C(C=C2)CNCC3=NC(=NO3)C4=CC=CS4,4.39
1248,118735149,C1=CC=C(C(=C1)N)NC(=O)C2=CC=C(C=C2)CNCC3=NC(=NO3)C4=CC=C(C=C4)C(F)(F)F,5.93
1249,46190555,C1=CC(=CC=C1CNCC2=NC(=NO2)C3=CC=C(C=C3)F)C(=O)NO,7.69
1250,118735154,C1=CC=C(C(=C1)N)NC(=O)C2=CC=C(C=C2)CNCC3=NC(=NO3)C4=CN=CC=C4,8.37
1251,46190557,C1=CC(=CC=C1CNCC2=NC(=NO2)C3=CC=C(C=C3)Cl)C(=O)NO,8.52
1252,46190609,C1=CC(=CC=C1CNCC2=NC(=NO2)C3=CC=C(C=C3)[N+](=O)[O-])C(=O)NO,9.23
1253,46190553,CC1=CC=C(C=C1)C2=NOC(=N2)CNCC3=CC=C(C=C3)C(=O)NO,> 10
1254,46190554,COC1=CC=C(C=C1)C2=NOC(=N2)CNCC3=CC=C(C=C3)C(=O)NO,> 10
1255,46190610,C1=CC(=CC=C1CNCC2=NC(=NO2)C3=CC=C(C=C3)C(F)(F)F)C(=O)NO,> 10
1256,46190552,C1=CC=C(C=C1)C2=NOC(=N2)CNCC3=CC=C(C=C3)C(=O)NO,> 10
1257,46190556,C1=CSC(=C1)C2=NOC(=N2)CNCC3=CC=C(C=C3)C(=O)NO,> 10
1258,46190756,C1=CC(=CC=C1C2=NOC(=N2)CCCCCCC(=O)NO)[N+](=O)[O-],0.23
1259,5311,C1=CC=C(C=C1)NC(=O)CCCCCCC(=O)NO,0.28
1260,46190824,C1=CC(=CN=C1)C2=NOC(=N2)CCCCCCC(=O)NO,0.39
1261,46190825,C1=CSC(=C1)C2=NOC(=N2)CCCCCCC(=O)NO,0.51
1262,4261,C1=CC=C(C(=C1)N)NC(=O)C2=CC=C(C=C2)CNC(=O)OCC3=CN=CC=C3,0.65
1263,46203316,CC1=CC=C(C=C1)C2=NOC(=N2)CCCCCCC(=O)NC3=CC=CC=C3N,0.68
1264,46203315,C1=CC=C(C=C1)C2=NOC(=N2)CCCCCCC(=O)NC3=CC=CC=C3N,0.73
1265,46187885,C1=CC(=CC(=C1)[N+](=O)[O-])C2=NOC(=N2)CCCCCCC(=O)C(F)(F)F,0.92
1266,46188075,C1=CC=C(C=C1)C2=NOC(=N2)CCCCCCC(=O)C(F)(F)F,1.05
1267,46190753,C1=CC=C(C=C1)C2=NOC(=N2)CCCCCCC(=O)NO,1.17
1268,46190821,C1=CC=C(C(=C1)C2=NOC(=N2)CCCCCCC(=O)NO)Cl,1.25
1269,46190822,C1=CC(=CC(=C1)[N+](=O)[O-])C2=NOC(=N2)CCCCCCC(=O)NO,1.56
1270,46187887,C1=CC=C(C(=C1)C2=NOC(=N2)CCCCCCC(=O)C(F)(F)F)Cl,1.58
1271,46187719,C1=CSC(=C1)C2=NOC(=N2)CCCCCCC(=O)C(F)(F)F,1.63
1272,46203951,C1=CC=C(C(=C1)N)NC(=O)CCCCCCC2=NC(=NO2)C3=CC=C(C=C3)F,2.57
1273,46190823,CC1=CC=C(C=C1)C2=NOC(=N2)CCCCCCC(=O)NO,2.78
1274,46187889,C1=CC(=CC=C1C2=NOC(=N2)CCCCCCC(=O)C(F)(F)F)C(F)(F)F,2.79
1275,46203950,C1=CC=C(C(=C1)N)NC(=O)CCCCCCC2=NC(=NO2)C3=CC=CS3,2.87
1276,46203949,C1=CC=C(C(=C1)N)NC(=O)CCCCCCC2=NC(=NO2)C3=CN=CC=C3,3.16
1277,46203618,COC1=CC=C(C=C1)C2=NOC(=N2)CCCCCCC(=O)NC3=CC=CC=C3N,3.85
1278,46187890,COC1=CC=C(C=C1)C2=NOC(=N2)CCCCCCC(=O)C(F)(F)F,4.53
1279,46203623,C1=CC=C(C(=C1)N)NC(=O)CCCCCCC2=NC(=NO2)C3=CC(=CC=C3)[N+](=O)[O-],5.19
1280,46190755,C1=CC(=CC=C1C2=NOC(=N2)CCCCCCC(=O)NO)Cl,5.19
1281,46190826,C1=CC(=CC=C1C2=NOC(=N2)CCCCCCC(=O)NO)F,6.26
1282,46203620,C1=CC=C(C(=C1)N)NC(=O)CCCCCCC2=NC(=NO2)C3=CC=C(C=C3)Cl,6.29
1283,46187891,CC1=CC=C(C=C1)C2=NOC(=N2)CCCCCCC(=O)C(F)(F)F,7.32
1284,46190820,C1=CC(=CC=C1C2=NOC(=N2)CCCCCCC(=O)NO)C(F)(F)F,7.93
1285,46187886,C1=CC(=CC=C1C2=NOC(=N2)CCCCCCC(=O)C(F)(F)F)[N+](=O)[O-],8.15
1286,46187888,C1=CC(=CC=C1C2=NOC(=N2)CCCCCCC(=O)C(F)(F)F)Cl,8.56
1287,46203622,C1=CC=C(C(=C1)N)NC(=O)CCCCCCC2=NC(=NO2)C3=CC=C(C=C3)[N+](=O)[O-],> 10
1288,46203621,C1=CC=C(C(=C1)C2=NOC(=N2)CCCCCCC(=O)NC3=CC=CC=C3N)Cl,> 10
1289,46203619,C1=CC=C(C(=C1)N)NC(=O)CCCCCCC2=NC(=NO2)C3=CC=C(C=C3)C(F)(F)F,> 10
1290,122180003,C1=CC(=CC=C1C2=NOC(=N2)CCCCCCC(=O)C(F)(F)F)F,> 10
1291,46190754,COC1=CC=C(C=C1)C2=NOC(=N2)CCCCCCC(=O)NO,> 10
1292,145993051,C1=CC=C(C=C1)S(=O)(=O)C2=[N+](ON=C2OCCOC3=NC=C(C=C3)COC(=O)NCC4=CC=C(C=C4)C(=O)NC5=CC=CC=C5N)[O-],0.37
1293,145980171,CN(CCCCC(CO[N+](=O)[O-])O[N+](=O)[O-])CC1=NC=C(C=C1)COC(=O)NCC2=CC=C(C=C2)C(=O)NC3=CC=CC=C3N.Cl.Cl.Cl,0.39
1294,4261,C1=CC=C(C(=C1)N)NC(=O)C2=CC=C(C=C2)CNC(=O)OCC3=CN=CC=C3,0.74
1295,137647813,CC1=C(C2=CC=CC=C2N1)CCNCC3=CC(=CC=C3)C=CC(=O)NO.Cl,0.00018
1296,137635575,CN1C=CC2=C(C=CC=C21)CCNS(=O)(=O)C3=CC=C(C=C3)C=CC(=O)NO,0.00053
1297,137638741,C1=CC(=C2C=CNC2=C1)CCNS(=O)(=O)C3=CC=C(C=C3)C=CC(=O)NO,0.0009
1298,6918638,C1=CC=C(C=C1)NS(=O)(=O)C2=CC=CC(=C2)C=CC(=O)NO,0.05
1299,5311,C1=CC=C(C=C1)NC(=O)CCCCCCC(=O)NO,0.12
1300,4261,C1=CC=C(C(=C1)N)NC(=O)C2=CC=C(C=C2)CNC(=O)OCC3=CN=CC=C3,0.74
1301,53326925,C1CCN(CC1)CCNC(C2=CC=C(C=C2)C=CC(=O)NC3=CC=CC=C3N)C(=O)NC4=CC=C(C=C4)C5=CC=C(C=C5)C6CC6,0.24
1302,50942502,C1COCCN1CCNC(C2=CC=C(C=C2)C=CC(=O)NC3=CC=CC=C3N)C(=O)NC4=CC=C(C=C4)C(F)(F)F,0.29
1303,53325976,C1COCCC1CCNC(C2=CC=C(C=C2)C=CC(=O)NC3=CC=CC=C3N)C(=O)NC4=CC=C(C=C4)C(F)(F)F,0.8
1304,4261,C1=CC=C(C(=C1)N)NC(=O)C2=CC=C(C=C2)CNC(=O)OCC3=CN=CC=C3,1
1305,4261,C1=CC=C(C(=C1)N)NC(=O)C2=CC=C(C=C2)CNC(=O)OCC3=CN=CC=C3,1.2
1306,444732,CC(C=C(C)C=CC(=O)NO)C(=O)C1=CC=C(C=C1)N(C)C,0.018
1307,25157071,CCC(=O)NCC1=CC=C(C=C1)C(=O)NC2=C(C=CC(=C2)C3=CC=CS3)N,0.47
1308,56591671,CCN1CCN(C(=O)C1=O)C(=O)NCC2=CC=C(C=C2)C(=O)NC3=C(C=CC(=C3)C4=CC=CS4)N,0.67
1309,57393108,C1OC2=C(O1)C=C(C=C2)CN(CCO)CC3=CC=C(C=C3)C(=O)NC4=C(C=CC(=C4)C5=CC=CS5)N,0.74
1310,57400091,CN1CCN(CC1)C(=O)NCC2=CC=C(C=C2)C(=O)NC3=C(C=CC(=C3)C4=CC=CS4)N,0.8
1311,57396604,C1COCCN1C(=O)NCC2=CC=C(C=C2)C(=O)NC3=C(C=CC(=C3)C4=CC=CS4)N,0.88
1312,4261,C1=CC=C(C(=C1)N)NC(=O)C2=CC=C(C=C2)CNC(=O)OCC3=CN=CC=C3,1.51
1313,11690271,C1OC2=C(O1)C=C(C=C2)CN(CCO)CC3=CC=C(C=C3)C(=O)NC4=CC=CC=C4N,3.36
1314,6918878,CC(=O)NC1=CC=C(C=C1)C(=O)NC2=C(C=CC(=C2)C3=CC=CS3)N,0.1
1315,16095101,CC1C(NC(=O)C(NC(=O)C(NC(=O)C(NC1=O)C(C)C)C)CC2=CC=CC=C2)CC=CCCC(=O)O,0.1
1316,44456965,CC(=O)CCCCCC(C(=O)NC1=NC(=CS1)C2=CC=CC=C2)NC3CCCCN3C,0.17
1317,5311,C1=CC=C(C=C1)NC(=O)CCCCCCC(=O)NO,
1318,4261,C1=CC=C(C(=C1)N)NC(=O)C2=CC=C(C=C2)CNC(=O)OCC3=CN=CC=C3,
1319,9865515,C1=CC=C(C(=C1)N)NC(=O)C2=CC=C(C=C2)CNC3=NC=CC(=N3)C4=CN=CC=C4,
1320,10388312,C1=CC=C(C=C1)CCC(=O)NC2=CC=C(C=C2)C(=O)NC3=CC=C(C=C3)OC4=CC=CC=C4,
1321,10012466,C1=CN=CC=C1C2=CNC(=S)N2,
1322,44456564,C1=CC=C2C(=C1)C=C(N2)CCN(CCO)CC3=CC=C(C=C3)C=CC(=O)NO,
1323,5311,C1=CC=C(C=C1)NC(=O)CCCCCCC(=O)NO,0.0017
1324,53464638,COC1=C(C=C(C=C1)S(=O)(=O)N2C=CC3=C2C=CC(=C3)C=CC(=O)NO)OC,0.0023
1325,53464577,C1=CC=C(C=C1)S(=O)(=O)N2C=CC3=C2C=CC(=C3)C=CC(=O)NO,0.004
1326,53464770,C1=CC(=CC=C1[N+](=O)[O-])S(=O)(=O)N2C=CC3=C2C=CC(=C3)C=CC(=O)NO,0.1893
1327,53464579,C1=CC(=CC=C1F)S(=O)(=O)N2C=CC3=C2C=CC(=C3)C=CC(=O)NO,0.1994
1328,53464578,COC1=CC=C(C=C1)S(=O)(=O)N2C=CC3=C2C=CC(=C3)C=CC(=O)NO,0.3618
1329,53464639,C1=CC=C(C=C1)CN2C=CC3=C2C=CC(=C3)C=CC(=O)NO,0.3811
1330,5311,C1=CC=C(C=C1)NC(=O)CCCCCCC(=O)NO,0.01
1331,73707349,C1=CC=C(C=C1)C2=CC=C(C=C2)C=NNC(=O)CCCCCCC(=O)NO,0.001
1332,25118059,C1=CC=C(C=C1)C2=CC=C(C=C2)C=NNC(=O)CCCCCC(=O)NO,0.0021
1333,42618298,COC1=CC(=C(C=C1)Br)C=NNC(=O)CCCCCC(=O)NO,0.005
1334,73707545,C1=CSC(=C1)C2=CC=C(C=C2)C=NNC(=O)CCCCCC(=O)NO,0.0063
1335,73707535,C1=CC=NC(=C1)C2=CC=C(C=C2)C=NNC(=O)CCCCCC(=O)NO,0.0069
1336,5311,C1=CC=C(C=C1)NC(=O)CCCCCCC(=O)NO,0.0102
1337,73707550,C1=CC(=CN=C1)C2=CC=C(C=C2)C=NNC(=O)CCCCCC(=O)NO,0.0108
1338,73707543,C1=CC(=CC=C1C=NNC(=O)CCCCCC(=O)NO)C2=CC=NC=C2,0.0142
1339,73707536,CC1=CC=CC=C1C2=CC=C(C=C2)C=NNC(=O)CCCCCC(=O)NO,0.0188
1340,73707544,C1=CC(=CC=C1C=NNC(=O)CCCCCC(=O)NO)C2=CN=CN=C2,0.021
1341,44506448,C1=CC=C(C=C1)C2=CC=C(C=C2)C=NNC(=O)CCCCC(=O)NO,0.033
1342,135886613,COC1=CC(=CC(=C1C=NNC(=O)CCCCCC(=O)NO)OC)O,0.108
1343,5311,C1=CC=C(C=C1)NC(=O)CCCCCCC(=O)NO,0.011
1344,10313,C1=CC=C(C=C1)C(=O)NO,7.91
1345,4118131,C1=CC=C(C=C1)CCC(=O)NO,2.72
1346,220184,C1=CC=C(C=C1)CC(=O)NO,> 33.33
1347,5355635,C1=CC=C(C=C1)/C=C/C(=O)NO,0.457
1348,49850262,CN1CCC2=C(C1)C3=CC=CC=C3N2CC4=CC=C(C=C4)C(=O)NO,0.36
1349,9965621,C1=CC=C(C=C1)CCNC(=O)C2=CC=C(C=C2)C(=O)NO,0.607
1350,3432579,C1CCC(CC1)C(=O)NO,> 33.33
1351,71574856,CN1CCN(CC1)CCNC(=O)C2=CC=C(C=C2)C(=O)NO,16.79
1352,71574948,C1=CC(=CC=C1C(=O)NCCC2=CC=NC=C2)C(=O)NO,0.341
1353,11514394,C1=CC=C(C=C1)NC(=O)C2=CC=C(C=C2)C(=O)NO,0.321
1354,9835152,C1=CC=C(C=C1)CNC(=O)C2=CC=C(C=C2)C(=O)NO,0.381
1355,71655802,C1CC=C(C1)C(=O)NO,1.79
1356,20459443,C1CCC(=CC1)C(=O)NO,1.05
1357,71574949,CNC(=O)C1=CC=C(C=C1)C(=O)NO,1.61
1358,5311,C1=CC=C(C=C1)NC(=O)CCCCCCC(=O)NO,0.012
1359,11626560,CC(C1=C(C=CC(=C1Cl)F)Cl)OC2=C(N=CC(=C2)C3=CN(N=C3)C4CCNCC4)N,
1360,57379345,CC1=CC(=C(C=C1C2CCNCC2)OC(C)C)NC3=NC=C(C(=N3)NC4=CC=CC=C4S(=O)(=O)C(C)C)Cl,
1361,135565923,CC1CNC(=O)C2=C3N=C(C=CN3N=C2)NC(C4=C(O1)C=CC(=C4)F)C,
1362,164616925,CC(C)S(=O)(=O)C1=CC=CC=C1NC2=NC(=NC=C2Cl)NC3=CC=C(C=C3)NC(=O)CCCCCCC(=O)NO,0.0093
1363,164617258,CC(C)S(=O)(=O)C1=CC=CC=C1NC2=NC(=NC=C2Cl)NC3=CC=C(C=C3)C(=O)NCCCCCCC(=O)NO,0.015
1364,5311,C1=CC=C(C=C1)NC(=O)CCCCCCC(=O)NO,0.013
1365,164609294,C1=CC2=NC(=CN2C=C1)C3=CC(=CC=C3)C4=NC5=C(N4)C=C(C=C5)C(=NO)N,0.4
1366,164609642,CC(C)(C)NC1=C(N=C2N1C=CC=C2)C3=CC(=CC=C3)C(=O)NC4=C(C=C(C=C4)F)N,> 10
1367,164611293,CC(C)(C)NC1=C(N=C2N1C=CC=C2)C3=CC=C(C=C3)C4=NOC(=N4)C(F)(F)F,> 10
1368,164612605,CC(C)(C)NC1=C(N=C2N1C=CN=C2)C3=CC(=CC=C3)C4=NC5=C(N4)C=C(C=C5)C6=NOC(=N6)C(F)(F)F,> 10
1369,164620433,CC(C)(C)NC1=C(N=C2N1C=CC=C2)C3=CC(=CC=C3)C4=NC5=C(N4)C=C(C=C5)C6=NOC(=N6)C(F)(F)F,> 10
1370,164626703,C1CN(CC1NC(=O)C2=CC=C(C=C2)C3=NOC(=N3)C(F)(F)F)CC4=CC=CC=C4,
1371,5311,C1=CC=C(C=C1)NC(=O)CCCCCCC(=O)NO,0.015
1372,164611754,CCC1=C(C2=CC3=C(C(=C(N3)C=C4C(C(C(=N4)C(=C5C(=C(C(=N5)C=C1N2)C)C(=O)OC)C(=O)OC)CCC(=O)NC6=CC=C(C=C6)C(=O)NC7=CC=CC=C7N)C)C)C=C)C,2.65
1373,57395788,C1=CC(=CC=C1NC(=O)CCCCCCC(=O)NO)F,0.0127
1374,5311,C1=CC=C(C=C1)NC(=O)CCCCCCC(=O)NO,0.016
1375,49857317,C1C2C(C2NCC3=NC4=C(C=C3)C=C(C=C4)F)CN1C5=NC=C(C=N5)C(=O)NO,0.004
1376,49856931,C1C2C(C2NCC3=CC=C(C=C3)Cl)CN1C4=NC=C(C=N4)C(=O)NO,0.014
1377,5311,C1=CC=C(C=C1)NC(=O)CCCCCCC(=O)NO,0.024
1378,5311,C1=CC=C(C=C1)NC(=O)CCCCCCC(=O)NO,0.026
1379,164609349,C1=CNC2=NC=C(C=C21)C3=NN(C4=NC=NC(=C34)N)CCCCCCCCC(=O)NO,0.024
1380,164609507,C1=CC2=C(C=C1C3=NN(C4=NC=NC(=C34)N)CCCCCCC(=O)NO)N=C(O2)N,0.0032
1381,164623855,CNC(=O)CCCCCCCN1C2=NC=NC(=C2C(=N1)C3=CC4=C(C=C3)OC(=N4)N)N,0.0034
1382,5311,C1=CC=C(C=C1)NC(=O)CCCCCCC(=O)NO,0.027
1383,164618637,CC1=CC=C(S1)C2=NN(C(=N2)CNC3=CC=C(C=C3)C(=O)NO)C4=CC=CC=C4,0.224
1384,5311,C1=CC=C(C=C1)NC(=O)CCCCCCC(=O)NO,0.028
1385,117829462,CN1C2=C(C=CC1=O)C=C(C=C2)C(=O)NCCCCCCC(=O)NO,0.09
1386,117829461,CC1(CC(=O)N(C2=C1C=C(C=C2)C(=O)NCCCCCCC(=O)NO)C)C,0.1
1387,117829456,COC1=NC2=C(C=C1)C=C(C=C2)C(=O)NCCCCCCC(=O)NO,0.17
1388,86581432,CC1(CC(=O)NC2=C1C=C(C=C2)C(=O)NCC3=CC(=CC=C3)/C=C/C(=O)NO)C,0.1
1389,86581434,CC1(CC(=O)NC2=C1C=C(C=C2)C(=O)NCC3=CC=C(C=C3)/C=C/C(=O)NO)C,0.022
1390,86291495,CC1(CC(=O)NC2=C1C=C(C=C2)C(=O)NCC3CCC(CC3)/C=C/C(=O)NO)C,0.0082
1391,86581435,CC1(CC(=O)NC2=C1C=C(C=C2)C(=O)NCC3CCC(CC3)CCC(=O)NO)C,0.035
1392,86291495,CC1(CC(=O)NC2=C1C=C(C=C2)C(=O)NCC3CCC(CC3)/C=C/C(=O)NO)C,0.31
1393,86581435,CC1(CC(=O)NC2=C1C=C(C=C2)C(=O)NCC3CCC(CC3)CCC(=O)NO)C,0.025
1394,117829479,C1=CC2=C(C=CC(=O)N2)C=C1NC(=O)CCCCCCC(=O)NO,0.045
1395,86581152,C1CC(=O)NC2=C1C=C(C=C2)NC(=O)CCCCCCC(=O)NO,0.018
1396,86581153,CC1(CC(=O)NC2=C1C=C(C=C2)NC(=O)CCCCCCC(=O)NO)C,0.01
1397,117829458,C1=CC2=C(C=CC(=O)N2)C=C1C(=O)NCCCCCCC(=O)NO,0.025
1398,86581004,C1CC(=O)NC2=C1C=C(C=C2)C(=O)NCCCCCCC(=O)NO,0.02
1399,86581005,CC1(CC(=O)NC2=C1C=C(C=C2)C(=O)NCCCCCCC(=O)NO)C,0.093
1400,5311,C1=CC=C(C=C1)NC(=O)CCCCCCC(=O)NO,0.028
1401,145949712,C1CC1(C2=CC=CC=C2)NCC3=CC=C(C=C3)C(=O)NCCCCCCC(=O)NO,0.023
1402,145954248,C1C(C1NCC2=CC=C(C=C2)/C=C/C(=O)NO)C3=CC=CC=C3,0.025
1403,132137973,C1C(C1NCC2=CC=C(C=C2)C(=O)NO)C3=CC=CC=C3,3.103
1404,145957740,C1C(C1NCC2=CC=C(C=C2)C(=O)NC3=CC=CC=C3N)C4=CC=CC=C4,0.413
1405,145974565,C1C(C1NCC2=CC=C(C=C2)/C=C/C(=O)NC3=CC=CC=C3N)C4=CC=CC=C4,0.491
1406,141764754,CC1=CC=C(C=C1)CN2CCC(CC2)C3=NOC(=N3)CN(C)C4=NC=C(C=N4)C(=O)NO,0.0036
1407,5311,C1=CC=C(C=C1)NC(=O)CCCCCCC(=O)NO,0.029
1408,5311,C1=CC=C(C=C1)NC(=O)CCCCCCC(=O)NO,0.031
1409,2662,CC1=CC=C(C=C1)C2=CC(=NN2C3=CC=C(C=C3)S(=O)(=O)N)C(F)(F)F,
1410,53340666,C1=CC=C(C=C1)N(C2=CC=CC=C2)C3=NC=C(C=N3)C(=O)NCCCCCCC(=O)NO,0.066
1411,145967593,CC1=NN(C(=C1)C2=CC=C(C=C2)F)CC3=CC=C(C=C3)C(=O)NO,1.974
1412,145967610,CC1=NN(C(=C1)C2=CC3=C(C=C2)OCO3)CC4=CC=C(C=C4)C(=O)NO,0.135
1413,145967698,CC1=CC=C(C=C1)C2=CC(=NN2CCC3=CC=C(C=C3)C(=O)NO)C(F)(F)F,0.635
1414,145967832,CC1=CC=C(C=C1)C2=NN(C(=C2)C(F)(F)F)CC3=CC=C(C=C3)C(=O)NO,0.047
1415,145967851,CCCC1=NN(C(=C1)C2=CC=C(C=C2)F)CC3=CC=C(C=C3)C(=O)NO,2.883
1416,145967905,C1=CC(=CC=C1C2=NNC(=C2)C(=O)NCCCCC(=O)NO)F,0.883
1417,145967968,CC1=CC=C(C=C1)C2=CC(=NN2C3=CC=C(C=C3)C(=O)NO)C(F)(F)F,0.919
1418,145968087,CCC1=NN(C(=C1)C2=CC=C(C=C2)F)CC3=CC=C(C=C3)C(=O)NO,1.503
1419,145968364,C1=CC(=CC=C1C2=NNC(=C2)C(=O)NCCC(=O)NO)F,> 5
1420,145968824,C1=CC=C(C=C1)CC2=CC(=NN2CC3=CC=C(C=C3)C(=O)NO)C4=CC=C(C=C4)F,0.763
1421,145968985,CC1=CC(=NN1CC2=CC=C(C=C2)C(=O)NO)C3=CC=C(C=C3)F,0.114
1422,145969456,C1=CC(=CC=C1C2=NNC(=C2)C(=O)NCCCCCCC(=O)NO)F,0.04
1423,145969651,CCC1=CC(=NN1CC2=CC=C(C=C2)C(=O)NO)C3=CC=C(C=C3)F,0.391
1424,145969789,CC1=CC=C(C=C1)C2=CC(=NN2CC3=CC=C(C=C3)C(=O)NO)C,0.076
1425,145969996,CC1=CC=C(C=C1)C2=CC(=NN2CC3=CC=C(C=C3)C(=O)NO)C(F)(F)F,1.216
1426,145970161,C1=CC(=CC=C1C2=NNC(=C2)C(=O)NCCCC(=O)NO)F,1.835
1427,145970171,C1=CC(=CC=C1C2=NNC(=C2)C(=O)NCCCCCC(=O)NO)F,0.042
1428,145970453,CCCC1=CC(=NN1CC2=CC=C(C=C2)C(=O)NO)C3=CC=C(C=C3)F,0.362
1429,145970598,C1=CC(=CC=C1CNC(=O)C2=CC(=NN2)C3=CC=C(C=C3)F)C(=O)NO,0.017
1430,145986586,C1=CC=C(C=C1)CC2=NN(C(=C2)C3=CC=C(C=C3)F)CC4=CC=C(C=C4)C(=O)NO,> 5
1431,145987492,CC1=CC=C(C=C1)C2=NN(C(=C2)C)CC3=CC=C(C=C3)C(=O)NO,0.041
1432,145987732,CC1=CC(=NN1CC2=CC=C(C=C2)C(=O)NO)C3=CC4=C(C=C3)OCO4,0.04
1433,145989487,CC1=CC=C(C=C1)C2=NN(C(=C2)C(F)(F)F)CCC3=CC=C(C=C3)C(=O)NO,0.549
1434,5311,C1=CC=C(C=C1)NC(=O)CCCCCCC(=O)NO,0.032
1435,9882812,C1=CC=C(C=C1)NC(=O)CCCCCCC(=O)C(F)(F)F,1.4
1436,145983639,C[Si](CCCCCCC(=O)NC1=CC=CC=C1)(O)O,6.3
1437,5311,C1=CC=C(C=C1)NC(=O)CCCCCCC(=O)NO,0.033
1438,156901820,C1=CC=C2C(=C1)C(=C(N2)C3=C(N(C4=C3C=C(C=C4)Cl)CC5=CC=C(C=C5)C(=O)NO)O)N=O,0.187
1439,156901837,C1=CC=C2C(=C1)C(=C(N2)C3=C(N(C4=C3C=C(C=C4)F)CC5=CC=C(C=C5)C(=O)NO)O)N=O,0.194
1440,156901834,COC1=CC2=C(C=C1)N(C(=C2C3=C(C4=CC=CC=C4N3)N=O)O)CC5=CC=C(C=C5)C(=O)NO,0.031
1441,156901831,C1=CC=C2C(=C1)C(=C(N2)C3=C(N(C4=C3C=CC=C4Cl)CC5=CC=C(C=C5)C(=O)NO)O)N=O,0.088
1442,156901833,C1=CC=C2C(=C1)C(=C(N2)C3=C(N(C4=C3C=C(C=C4)Br)CC5=CC=C(C=C5)C(=O)NO)O)N=O,0.075
1443,156901829,CC1=CC2=C(C=C1)N(C(=C2C3=C(C4=CC=CC=C4N3)N=O)O)CC5=CC=C(C=C5)C(=O)NO,0.021
1444,156901838,C1=CC=C2C(=C1)C(=C(N2)C3=C(N(C4=CC=CC=C43)CC5=CC=C(C=C5)C(=O)NO)O)N=O,0.205
1445,5311,C1=CC=C(C=C1)NC(=O)CCCCCCC(=O)NO,0.035
1446,6918837,CC1=C(C2=CC=CC=C2N1)CCNCC3=CC=C(C=C3)/C=C/C(=O)NO,0.003
1447,53340666,C1=CC=C(C=C1)N(C2=CC=CC=C2)C3=NC=C(C=N3)C(=O)NCCCCCCC(=O)NO,0.095
1448,122550211,CC1=NC2=CC=CC=C2C(=N1)N(C)C3=CC(=C(C=C3)OC)OCCCC(=O)NO,0.386
1449,5311,C1=CC=C(C=C1)NC(=O)CCCCCCC(=O)NO,0.035
1450,46907787,CC1=C(SC2=C1C(=NC(C3=NN=C(N32)C)CC(=O)OC(C)(C)C)C4=CC=C(C=C4)Cl)C,
1451,135564749,CC1=CC(=CC(=C1OCCO)C)C2=NC3=C(C(=CC(=C3)OC)OC)C(=O)N2,
1452,155511921,CC1=C(C(=NO1)C)C2=NC3=C(C4=C(S3)CN(CC4)CCCC(=O)NO)C(=O)N2,0.282
1453,155513192,CC1=C(C(=NO1)C)C2=NC3=C(C4=C(S3)CN(CC4)CCCCCC(=O)NC5=CC=CC=C5N)C(=O)N2,0.112
1454,153534003,CC1=CC(=CC(=C1OCC2=CC(=CC=C2)C(=O)NO)C)C3=NC4=C(C5=C(S4)CN(CC5)C)C(=O)N3,0.251
1455,152636346,CC1=CC(=CC(=C1OCCOCC2=CC=C(C=C2)/C=C/C(=O)NO)C)C3=NC4=C(C5=C(S4)CN(CC5)C)C(=O)N3,0.085
1456,155535585,CC1=CC(=CC(=C1OCC2=CC=C(C=C2)C(=O)NC3=CC=CC=C3N)C)C4=NC5=C(C6=C(S5)CN(CC6)C)C(=O)N4,0.14
1457,153534005,CC1=CC(=CC(=C1OCCCCCC(=O)NO)C)C2=NC3=C(C4=C(S3)CN(CC4)C)C(=O)N2,0.058
1458,155545446,CC1=CC(=CC(=C1O)C)C2=NC3=C(C4=C(S3)CN(CC4)CCCCCC(=O)NO)C(=O)N2,0.136
1459,155545907,CC1=C(C(=NO1)C)C2=NC3=C(C4=C(S3)CN(CC4)CCCCCC(=O)NO)C(=O)N2,0.135
1460,151364732,CC1=CC(=CC(=C1OCC2=CC=C(C=C2)/C=C/C(=O)NO)C)C3=NC4=C(C5=C(S4)CN(CC5)C)C(=O)N3,0.097
1461,155554197,CC1=CC(=CC(=C1OCC2=CC(=CC=C2)C(=O)NC3=CC=CC=C3N)C)C4=NC5=C(C6=C(S5)CN(CC6)C)C(=O)N4,0.86
1462,155555451,CC1=C(C(=NO1)C)C2=NC3=C(C4=C(S3)CN(CC4)CC(=O)NO)C(=O)N2,0.489
1463,155555499,CC1=CC(=CC(=C1OCCCC(=O)NO)C)C2=NC3=C(C4=C(S3)CN(CC4)C)C(=O)N2,0.16
1464,153534008,CC1=CC(=CC(=C1OCCCCCC(=O)NC2=CC=CC=C2N)C)C3=NC4=C(C5=C(S4)CN(CC5)C)C(=O)N3,0.17
1465,155561539,CC1=C(C(=NO1)C)C2=NC3=C(C4=C(S3)CN(CC4)CC(=O)NC5=CC=CC=C5N)C(=O)N2,0.352
1466,153534004,CC1=CC(=CC(=C1OCC2=CC=C(C=C2)C(=O)NO)C)C3=NC4=C(C5=C(S4)CN(CC5)C)C(=O)N3,0.105
1467,5311,C1=CC=C(C=C1)NC(=O)CCCCCCC(=O)NO,0.035
1468,137628684,CC1CN(CCO1)C(=O)NC2=CC=C(C=C2)C3=NC4=C(C=NN4CCCCCCC(=O)NO)C(=N3)N5CCOCC5,0.00061
1469,155555562,C1COCCN1C2=NC(=NC3=C2C=NN3CCCCCCC(=O)NO)C4=CC=C(C=C4)N,0.0016
1470,5311,C1=CC=C(C=C1)NC(=O)CCCCCCC(=O)NO,0.04
1471,145950884,CC(C)CCN(CCCCCCC(=O)NO)C1=NC=C(S1)C(=O)NCCCN2C=CN=C2,0.0068
1472,145962694,C1=CC(=CC=C1CN(CCCCCCC(=O)NO)C2=NC=C(S2)C(=O)NCCCN3C=CN=C3)F,0.033
1473,5311,C1=CC=C(C=C1)NC(=O)CCCCCCC(=O)NO,>= 0.05
1474,25065710,COC(CCCCC(=O)NO)C(=O)NC1=CC=CC=C1,0.5
1475,25065713,CCCOC(CCCCC(=O)NO)C(=O)NC1=CC=CC=C1,0.5
1476,25065925,C1=CC=C(C=C1)COC(CCCCC(=O)NO)C(=O)NC2=CC=CC=C2,0.5
1477,25065929,C1=CC=C(C=C1)NC(=O)C(CCCCCC(=O)NO)O,0.5
1478,25065930,COC(CCCCCC(=O)NO)C(=O)NC1=CC=CC=C1,0.5
1479,25065931,C=CCOC(CCCCCC(=O)NO)C(=O)NC1=CC=CC=C1,0.5
1480,24779722,COC1=CC=C(C=C1)COC(CCCCCC(=O)NO)C(=O)NC2=CC=CC=C2,>= 0.05
1481,25065102,COC1=CC=C(C=C1)COC(CCCCCC(=O)NO)C(=O)NC2=CC=CC=C2,>= 0.05
1482,25065309,COC1=CC=C(C=C1)COC(CCCCCC(=O)NO)C(=O)NC2=CC=CC=C2,>= 0.05
1483,25065932,C1=CC=C(C=C1)NC(=O)C(CCCCCC(=O)NO)OCC2=CC=C(C=C2)C(F)(F)F,>= 0.05
1484,25066135,C1=CC=C(C=C1)NC(=O)C(CCCCCC(=O)NO)OCC2=CC=C(C=C2)Br,>= 0.05
1485,25066136,CC1=CC=C(C=C1)COC(CCCCCC(=O)NO)C(=O)NC2=CC=CC=C2,>= 0.05
1486,25066137,COC1=CC=CC(=C1)COC(CCCCCC(=O)NO)C(=O)NC2=CC=CC=C2,>= 0.05
1487,44443716,COC1=CC=CC(=C1)CN(C2=CC=CC=C2)C(=O)C(CCCCCC(=O)NO)OCC3=CC(=CC=C3)OC,0.5
1488,24779723,COC1=CC(=CC(=C1)COC(CCCCCC(=O)NO)C(=O)NC2=CC=CC=C2)OC,>= 0.05
1489,44443718,C1=CC=C(C=C1)NC(=O)C(CCCCCC(=O)NO)OC2=CC=CC(=C2)OC3=CC=CC=C3,0.5
1490,25066140,COC1=CC=C(C=C1)NC(=O)C(CCCCCC(=O)NO)OCC2=CC=CC=C2,0.5
1491,25066350,COC1=CC=C(C=C1)COC(CCCCCC(=O)NO)C(=O)NC2=CC=C(C=C2)OC,0.5
1492,25066353,C=CCOC(CCCCCCC(=O)NO)C(=O)NC1=CC=CC=C1,>= 0.05
1493,5311,C1=CC=C(C=C1)NC(=O)CCCCCCC(=O)NO,0.051
1494,24757913,CCCCCCCC(=O)SCCC=CC1CC(=O)NCC2=NC(=CS2)C3=NC(CS3)(C(=O)NC(C(=O)O1)C(C)C)C,1.52
1495,24938735,CC(C)C1C(=O)OC(CC(=O)NCC2=NC(=CS2)C3=NC(CS3)(C(=O)N1)C)C=CCCS,0.0095
1496,155515488,CC(C)C1C(=O)OC(CC(=O)NCC2=NC(=CS2)C3=NC(CS3)(C(=O)N1)C)C=C(CCS)F,0.00246
1497,155518327,CC(C)C1C(=O)NC(CC(=O)NCC2=NC(=CS2)C3=NC(CS3)(C(=O)N1)C)C(=CCCS)F,0.00742
1498,155532640,CC(C)C1C(=O)OC(CC(=O)NCC2=NC(=CS2)C3=NC(CS3)(C(=O)N1)C)C=CC(CS)(F)F,0.01849
1499,155538765,CCCCCCCC(=O)SCCC=C(C1CC(=O)NCC2=NC(=CS2)C3=NC(CS3)(C(=O)NC(C(=O)O1)C(C)C)C)F,1.817
1500,148289288,CC(C)C1C(=O)NC(C(C(=O)NCC2=NC(=CS2)C3=NC(CS3)(C(=O)N1)C)(F)F)C=CCCS,0.00925
1501,155545380,CC(C)C1C(=O)OC(CC(=O)NCC2=NC(=CS2)C3=NC(CS3)(C(=O)N1)C)C(=CCCS)F,0.021
1502,155564400,CC(C)C1C(=O)OC(CC(=O)NCC2=NC(=CS2)C3=NC(CS3)(C(=O)N1)C)C(=CCCS)F,0.09551
1503,5311,C1=CC=C(C=C1)NC(=O)CCCCCCC(=O)NO,0.052
1504,122177622,CC1=C(C(=O)C(=C(C1=O)C)CONC(=O)CCCCCCC(=O)NC2=CC=CC=C2)C,0.255
1505,122177623,C1=CC=C(C=C1)CONC(=O)CCCCCCC(=O)NC2=CC=CC=C2,> 10
1506,5311,C1=CC=C(C=C1)NC(=O)CCCCCCC(=O)NO,0.056
1507,56932477,C1=CNC(=C1)/C=C\2/C3=C(C=CC(=C3)NC(=O)CCCCCCC(=O)NO)NC2=O,0.00111
1508,56837168,C1=CNC(=C1)/C=C\2/C3=C(C=CC(=C3)NC(=O)CCCCC(=O)NO)NC2=O,0.0204
1509,101882858,C1=CC=C(C(=C1)N)NC(=O)CCCCC(=O)NC2=CC\3=C(C=C2)NC(=O)/C3=C\C4=CC=CN4,3.29
1510,101882857,C1=CC=C(C(=C1)N)NC(=O)CCCCCCC(=O)NC2=CC\3=C(C=C2)NC(=O)/C3=C\C4=CC=CN4,2.23
1511,5311,C1=CC=C(C=C1)NC(=O)CCCCCCC(=O)NO,0.066
1512,23846833,C1CC(=O)N(CC(OC(=O)CCC=C1)C2=CC=CC=C2)CC3=CC(=CC=C3)C=NNC(=O)C4=CC(=CC=C4)C(=O)NO,3.6
1513,44507542,C1=CC=C(C=C1)/C=N/NC(=O)C2=CC(=CC=C2)C(=O)NO,20
1514,23818230,C#CCOC1=CC=C(C=C1)/C=N/NC(=O)CCCCCCC(=O)NO,0.0021
1515,44507029,C#CCOC1=CC=C(C=C1)/C=N/NC(=O)C2=CC(=CC=C2)C(=O)NO,6.3
1516,23760408,C1CC(=O)N(CC(OC(=O)CCC=C1)C2=CC=CC=C2)CC3=CC(=CC=C3)C=NNC(=O)C4=CC(=CC=C4)C(=O)NO,5
1517,5311,C1=CC=C(C=C1)NC(=O)CCCCCCC(=O)NO,0.066
1518,44598536,CCC(=O)CCCCCC1C(=O)NC(C(=O)NC(CC(=O)NC(C(=O)N1)C)CC(C)C)CC2=CC=CC3=CC=CC=C32,0.29
1519,5311,C1=CC=C(C=C1)NC(=O)CCCCCCC(=O)NO,0.07
1520,162642885,COC1=CC=CC(=C1)C2=NC3=C(C=C2)C(=NN3)NC(=O)CCCCCCC(=O)NO,0.0053
1521,162643350,CCOC1=CC=CC(=C1)C2=CC3=C(C=C2)C(=NN3)NC(=O)CCCCCCC(=O)NO,0.0042
1522,162643749,COC1=CC=C(C=C1)C2=NC3=C(C=C2)C(=NN3)NC(=O)CCCCCCC(=O)NO,0.009
1523,162643829,COC1=CC=CC(=C1F)C2=CC3=C(C=C2)C(=NN3)NC(=O)CCCCCCC(=O)NO,0.006
1524,162663710,COC1=CC=CC(=C1)C2=CC3=C(C=C2)C(=NN3)NC(=O)CCCC(=O)NO,0.168
1525,162664613,C1=CC=C(C=C1)C2=CC3=C(C=C2)C(=NN3)NC(=O)CCCCCCC(=O)NO,0.0131
1526,162664847,C1=CC(=CC(=C1)C(F)(F)F)C2=CC3=C(C=C2)C(=NN3)NC(=O)CCCCCCC(=O)NO,0.005
1527,162665208,COC1=CC=CC(=C1)C2=CC3=C(C=C2)C(=NN3)NC(=O)CCCCCC(=O)NO,0.063
1528,162665376,COC1=CC=CC(=C1)C2=CC3=C(C=C2)C(=NN3)NC(=O)C4CCC(CC4)C(=O)NO,4.63
1529,162667002,C1=CC=C(C(=C1)C2=CC3=C(C=C2)C(=NN3)NC(=O)CCCCCCC(=O)NO)F,0.0044
1530,162667220,C1=CC(=CC=C1C2=CC3=C(C=C2)C(=NN3)NC(=O)CCCCCCC(=O)NO)Cl,0.0036
1531,162667414,COC1=CC=CC=C1C2=CC3=C(C=C2)C(=NN3)NC(=O)CCCCCCC(=O)NO,0.0054
1532,162668465,COC1=CC=CC(=C1)C2=CC3=C(C=C2)C(=NN3)NC(=O)CCCCCCC(=O)NO,0.0039
1533,162668768,COC1=CC(=CC(=C1)C2=CC3=C(C=C2)C(=NN3)NC(=O)CCCCCCC(=O)NO)OC,0.0048
1534,162668875,COC1=CC=C(C=C1)C2=CC3=C(C=C2)C(=NN3)NC(=O)CCCCCCC(=O)NO,0.0042
1535,162670742,C1=CC2=C(C=C1C3=CSC=C3)NN=C2NC(=O)CCCCCCC(=O)NO,0.0316
1536,162670851,C1=CC2=C(C=C1C3=CC=NC=C3)NN=C2NC(=O)CCCCCCC(=O)NO,0.0259
1537,162671485,C1=CC=C(C(=C1)C2=CC3=C(C=C2)C(=NN3)NC(=O)CCCCCCC(=O)NO)Cl,0.0052
1538,162671591,C1=CC(=CC(=C1)Cl)C2=CC3=C(C=C2)C(=NN3)NC(=O)CCCCCCC(=O)NO,0.004
1539,162672606,COC1=C(C=C(C=C1)C2=CC3=C(C=C2)C(=NN3)NC(=O)CCCCCCC(=O)NO)OC,0.0046
1540,162674603,COC1=CC=CC(=C1)C2=CC3=C(C=C2)C(=NN3)NC(=O)CCCCC(=O)NO,0.062
1541,162677105,COC1=CC(=C(C=C1)F)C2=CC3=C(C=C2)C(=NN3)NC(=O)CCCCCCC(=O)NO,0.0035
1542,5311,C1=CC=C(C=C1)NC(=O)CCCCCCC(=O)NO,0.072
1543,759408,C1=CC=C(C=C1)C(=O)NC2=CC=CC=C2N,3.1
1544,44454143,C1=CC=C(C=C1)C2=CC(=C(C=C2)N)NC(=O)C3=CC=CC=C3,0.027
1545,46887333,C1=CC=C(C=C1)C(=O)NC2=C(C=CC(=C2)C3=NC=CS3)N,0.39
1546,46887334,C=CC1=CC=C(C=C1)C2=CC(=C(C=C2)N)NC(=O)C3=CC=CC=C3,0.8
1547,46887335,C1=CC=C(C=C1)C(=O)NC2=C(C=CC(=C2)C3=CC4=CC=CC=C4S3)N,10
1548,46830327,C1=CC=C(C=C1)C(=O)NC2=C(C=CC(=C2)C3=COC=C3)N,0.039
1549,46887378,C1=CC=C(C=C1)C(=O)NC2=C(C=CC(=C2)C3=CC=NC=C3)N,0.27
1550,46887379,COC1=CC=C(C=C1)C2=CC(=C(C=C2)N)NC(=O)C3=CC=CC=C3,0.14
1551,46887380,CC(=O)C1=CC=C(C=C1)C2=CC(=C(C=C2)N)NC(=O)C3=CC=CC=C3,3.8
1552,46830328,C1=CC=C(C=C1)C(=O)NC2=C(C=CC(=C2)C3=CC=CO3)N,0.043
1553,46887381,CC1=CC(=CC=C1)C2=CC(=C(C=C2)N)NC(=O)C3=CC=CC=C3,3.1
1554,46887435,C1=CC=C(C=C1)C(=O)NC2=C(C=CC(=C2)C3=CC(=CC=C3)[N+](=O)[O-])N,21
1555,46887436,C1=CC=C(C=C1)C(=O)NC2=C(C=CC(=C2)C3=CSC4=CC=CC=C43)N,10
1556,46887437,CC(=O)C1=CC=CC(=C1)C2=CC(=C(C=C2)N)NC(=O)C3=CC=CC=C3,13
1557,46887438,COC1=CC=CC(=C1)C2=CC(=C(C=C2)N)NC(=O)C3=CC=CC=C3,1.3
1558,46887439,C1=CC=C(C=C1)C(=O)NC2=C(C=CC(=C2)C3=CC=C(C=C3)Br)N,0.6
1559,46887475,C1=CC=C(C=C1)C(=O)NC2=C(C=CC(=C2)C3=CC4=CC=CC=C4O3)N,10
1560,46830345,C1=CC=C(C=C1)C(=O)NC2=C(C=CC(=C2)C3=CC=C(C=C3)F)N,0.032
1561,46887476,C1=CC=C(C=C1)C(=O)NC2=C(C=CC(=C2)C3=CC=C(C=C3)C(F)(F)F)N,3.8
1562,5311,C1=CC=C(C=C1)NC(=O)CCCCCCC(=O)NO,0.073
1563,44359538,C1=CC=C(C=C1)C(=O)NCCCCCN(C=O)O,26
1564,44359547,C1=CC=C2C=C(C=CC2=C1)NC(=O)CCCCCCCN(C=O)O,0.89
1565,44359548,C1=CC=C(C=C1)CCC(=O)NCCCCCN(C=O)O,41
1566,44359555,C1=CC=C2C(=C1)C=CC=C2NC(=O)CCCCCCCN(C=O)O,5.9
1567,44359673,CC(=O)N(CCCCCCCC(=O)NC1=CC=CC=C1)O,> 100
1568,44359674,C1=CC=C(C=C1)NC(=O)CCCCCCCN(C=O)O,7.8
1569,44359675,C1=CC=C(C=C1)NC(=O)CCCCCCN(C=O)O,11
1570,44359681,C1=CC=C2C=C(C=CC2=C1)C(=O)NCCCCCN(C=O)O,1.4
1571,44359788,C1=CC=C(C=C1)NC(=O)CCCCCN(C=O)O,19
1572,9848223,C1=CC2=C(C=CC(=C2)NC(=O)C(CCCCCN(C=O)O)C(=O)NC3=CC4=C(C=C3)N=CC=C4)N=C1,0.27
1573,44359800,CC(=O)N(CCCCCC(=O)NC1=CC=CC=C1)O,> 100
1574,9891541,C1=CC=C2C(=C1)C=C(C=N2)NC(=O)C(CCCCCN(C=O)O)C(=O)NC3=CC4=CC=CC=C4N=C3,0.2
1575,44359814,COC(=O)N(CCCCCCC(=O)NC1=CC=CC=C1)O,> 100
1576,5311,C1=CC=C(C=C1)NC(=O)CCCCCCC(=O)NO,0.076
1577,759408,C1=CC=C(C=C1)C(=O)NC2=CC=CC=C2N,10
1578,44454143,C1=CC=C(C=C1)C2=CC(=C(C=C2)N)NC(=O)C3=CC=CC=C3,0.9
1579,46887333,C1=CC=C(C=C1)C(=O)NC2=C(C=CC(=C2)C3=NC=CS3)N,5.8
1580,46887334,C=CC1=CC=C(C=C1)C2=CC(=C(C=C2)N)NC(=O)C3=CC=CC=C3,5
1581,46887335,C1=CC=C(C=C1)C(=O)NC2=C(C=CC(=C2)C3=CC4=CC=CC=C4S3)N,10
1582,46830327,C1=CC=C(C=C1)C(=O)NC2=C(C=CC(=C2)C3=COC=C3)N,0.81
1583,46887378,C1=CC=C(C=C1)C(=O)NC2=C(C=CC(=C2)C3=CC=NC=C3)N,3.9
1584,46887379,COC1=CC=C(C=C1)C2=CC(=C(C=C2)N)NC(=O)C3=CC=CC=C3,0.86
1585,46887380,CC(=O)C1=CC=C(C=C1)C2=CC(=C(C=C2)N)NC(=O)C3=CC=CC=C3,5
1586,46830328,C1=CC=C(C=C1)C(=O)NC2=C(C=CC(=C2)C3=CC=CO3)N,1.8
1587,46887381,CC1=CC(=CC=C1)C2=CC(=C(C=C2)N)NC(=O)C3=CC=CC=C3,7.2
1588,46887435,C1=CC=C(C=C1)C(=O)NC2=C(C=CC(=C2)C3=CC(=CC=C3)[N+](=O)[O-])N,200
1589,46887436,C1=CC=C(C=C1)C(=O)NC2=C(C=CC(=C2)C3=CSC4=CC=CC=C43)N,10
1590,46887437,CC(=O)C1=CC=CC(=C1)C2=CC(=C(C=C2)N)NC(=O)C3=CC=CC=C3,27
1591,46887438,COC1=CC=CC(=C1)C2=CC(=C(C=C2)N)NC(=O)C3=CC=CC=C3,3.4
1592,46887439,C1=CC=C(C=C1)C(=O)NC2=C(C=CC(=C2)C3=CC=C(C=C3)Br)N,24
1593,46887475,C1=CC=C(C=C1)C(=O)NC2=C(C=CC(=C2)C3=CC4=CC=CC=C4O3)N,10
1594,46830345,C1=CC=C(C=C1)C(=O)NC2=C(C=CC(=C2)C3=CC=C(C=C3)F)N,1.4
1595,46887476,C1=CC=C(C=C1)C(=O)NC2=C(C=CC(=C2)C3=CC=C(C=C3)C(F)(F)F)N,40
1596,5311,C1=CC=C(C=C1)NC(=O)CCCCCCC(=O)NO,0.081
1597,127026516,CC(C)CN1C=NC2=C(N=C(N=C21)Cl)NCCCCCCC(=O)NO,0.165
1598,127027767,C1=CC=C(C=C1)CN2C=NC3=C(N=C(N=C32)Cl)NCCCCCC(=O)NO,0.056
1599,127039213,CC(C)N1C=NC2=C(N=C(N=C21)N)NCCCCCCC(=O)NO,0.154
1600,5311,C1=CC=C(C=C1)NC(=O)CCCCCCC(=O)NO,0.081
1601,145950102,C1CC2=CC=CC=C2C3(C1)C(=O)N(C(=O)N3)CCCCCCC(=O)NO,0.114
1602,145952135,COC1=CC=CC(=C1)N2C(=NC(=N2)C(=O)NCC(=O)NO)C3=CC(=C(C(=C3)OC)OC)OC,0.263
1603,145955496,COC1=CC=CC(=C1)N2C(=NC(=N2)C(=O)NCCCCCC(=O)NO)C3=CC(=C(C(=C3)OC)OC)OC,0.232
1604,5311,C1=CC=C(C=C1)NC(=O)CCCCCCC(=O)NO,0.08128
1605,162663441,CC1=CC(=CC(=C1OCCCCCC(=O)NO)C)C2=NC3=C(C(=CC(=C3)OC)OC)C(=N2)N4CCN(CC4)C,0.09732
1606,162671396,CC1=CC(=CC(=C1OCCCCCC(=O)NO)C)C2=NC3=C(C(=CC(=C3)OC)OC)C(=N2)N4CCS(=O)(=O)CC4,0.1359
1607,5311,C1=CC=C(C=C1)NC(=O)CCCCCCC(=O)NO,0.082
1608,24853793,CC1=C(C2=C(N1)C=CC(=C2)OC)CC(=O)NC(CCCCCC(=O)C)C3=NC=C(N3)C4=CC=CC=C4,0.11
1609,16049824,CC(=O)CCCCCC(C1=NC=C(N1)C2=CC3=CC=CC=C3C=C2)NC(=O)C4CCN(CC4)C,0.029
1610,5311,C1=CC=C(C=C1)NC(=O)CCCCCCC(=O)NO,0.082
1611,11657529,CC1=C(C2=C(N1)C=CC(=C2)OC)CC(=O)NC(CCCCCC(=O)N)C3=NC=C(N3)C4=CC5=CC=CC=C5C=C4,0.16
1612,5311,C1=CC=C(C=C1)NC(=O)CCCCCCC(=O)NO,0.0858
1613,72946782,CCOC(=O)NCCCC(=O)NCCC1=CC=CC=C1,0.000112
1614,72946782,CCOC(=O)NCCCC(=O)NCCC1=CC=CC=C1,0.000119
1615,72734543,C1=CC=C(C=C1)CCNC(=O)CCCC(=O)NO,0.0035
1616,5311,C1=CC=C(C=C1)NC(=O)CCCCCCC(=O)NO,0.09
1617,71624738,C(CCCC(=O)NO)CCC(=O)NCC1C2C(C(C(O1)OC3C(OC(C(C3O)O)OC4C(OC(C(C4O)O)OC5C(OC(C(C5O)O)OC6C(OC(C(C6O)O)OC7C(OC(C(C7O)O)OC8C(OC(O2)C(C8O)O)CO)CO)CO)CO)CO)CO)O)O,1.2
1618,5311,C1=CC=C(C=C1)NC(=O)CCCCCCC(=O)NO,0.091
1619,162660161,C1=CC=C2C(=C1)C(=C3C=CC=CC3=N2)NC4=CC=C(C=C4)C(=O)NO,1.57
1620,162673723,C1=CC=C2C(=C1)C(=C3C=C(C=CC3=N2)Br)NC4=CC=C(C=C4)C(=O)NO,0.48
1621,5311,C1=CC=C(C=C1)NC(=O)CCCCCCC(=O)NO,0.0916
1622,49850262,CN1CCC2=C(C1)C3=CC=CC=C3N2CC4=CC=C(C=C4)C(=O)NO,> 30
1623,145953085,C1COCCN1C2=C3C=CC=C4C3=C(C=C2)C(=O)N(C4=O)CCC5=CC=C(C=C5)C(=O)NO,> 100
1624,122376192,C1COCCN1C2=C3C=CC=C4C3=C(C=C2)C(=O)N(C4=O)CCCCCC(=O)NO,0.0256
1625,145973368,C1COCCN1C2=C3C=CC=C4C3=C(C=C2)C(=O)N(C4=O)CC5=CC=C(C=C5)C(=O)NO,0.0988
1626,5311,C1=CC=C(C=C1)NC(=O)CCCCCCC(=O)NO,0.0936
1627,118607432,CC1=CC=C(O1)C2=NC3=CC(=C(C=C3C(=C2)NC4CCN(CC4)C)OC)OCCCN5CCCC5,> 10
1628,118613729,CC1=CC=C(O1)C2=NC3=CC(=C(C=C3C(=C2)NCC4CCN(CC4)C)OC)OCCCN5CCCC5,> 10
1629,142495317,CC1=CC=C(O1)C2=NC3=CC(=C(C=C3C(=C2)NCC4CCN(CC4)C5=NC=C(C=C5)C(=O)NO)OC)OC,
1630,142495356,CC1=CC=C(O1)C2=NC3=CC(=C(C=C3C(=C2)NCC4CCN(CC4)CC5=CC=C(C=C5)C(=O)NO)OC)OCCCN6CCCC6,
1631,146284820,CC1=CC=C(O1)C2=NC3=CC(=C(C=C3C(=C2)NCC4CCN(CC4)C5=NC=C(C=N5)C(=O)NO)OC)OC,0.051
1632,142495336,CC1=CC=C(O1)C2=NC3=CC(=C(C=C3C(=C2)NCC4CCC(CC4)C5=CC=C(C=C5)C(=O)NO)OC)OCCCN6CCCC6,
1633,146284806,CC1=CC=C(O1)C2=NC3=CC(=C(C=C3C(=C2)NCC4=CC=C(C=C4)C5CCC(CC5)C(=O)NO)OC)OCCCN6CCCC6,
1634,142495355,CC1=CC=C(O1)C2=NC3=CC(=C(C=C3C(=C2)NC4CCC(CC4)C(=O)NO)OC)OC,
1635,164614059,CC1=CC=C(O1)C2=NC3=CC(=C(C=C3C(=N2)NCC4CCN(CC4)C5=NC=C(C=N5)C(=O)NO)OC)OC,0.038
1636,142495365,CC1=CC=C(O1)C2=NC3=CC(=C(C=C3C(=C2)NC4CCN(CC4)C5=CC=C(C=C5)C(=O)NO)OC)OCCCN6CCCC6,
1637,142495331,CC1=CC=C(O1)C2=NC3=CC(=C(C=C3C(=C2)NCC4CCN(CC4)C5=NC=C(C=N5)C(=O)NO)OC)OCCCN6CCCC6,
1638,146284807,CC1=CC=C(O1)C2=NC3=CC(=C(C=C3C(=C2)NC4CCN(CC4)CC5=CC=C(C=C5)C(=O)NO)OC)OCCCN6CCCC6,
1639,142495374,CC1=CC=C(O1)C2=NC3=CC(=C(C=C3C(=C2)NCC4CCC(CC4)C(=O)NO)OC)OCCCN5CCCC5,0.159
1640,142495364,CC1=CC=C(O1)C2=NC3=CC(=C(C=C3C(=C2)NCC4=NC=C(C=C4)C(=O)NO)OC)OC,
1641,142495304,CC1=CC=C(O1)C2=NC3=CC(=C(C=C3C(=C2)NCC4=CC=C(C=C4)C(=O)NO)OC)OCCCN5CCCC5,0.06
1642,142495322,CC1=CC=C(O1)C2=NC3=CC(=C(C=C3C(=C2)NCC4CCC(CC4)C(=O)NO)OC)OC,0.274
1643,142495340,CC1=CC(=C2C=C(C(=CC2=N1)OCCCN3CCCC3)OC)NC4CCN(CC4)C5=NC=C(C=N5)C(=O)NO,
1644,142495334,CC1=CC=C(O1)C2=NC3=CC(=C(C=C3C(=C2)NCC4CCN(CC4)C5=CC=C(C=C5)C(=O)NO)OC)OCCCN6CCCC6,
1645,142495369,CC1=CC=C(O1)C2=NC3=CC(=C(C=C3C(=C2)NCC4CCN(CC4)CC5=CC=C(C=C5)C(=O)NO)OC)OC,
1646,142495372,CC1=CC=C(O1)C2=NC3=CC(=C(C=C3C(=C2)NCC4=CC=C(C=C4)C(=O)NO)OC)OC,0.091
1647,142495358,CC1=CC=C(O1)C2=NC3=CC(=C(C=C3C(=C2)NC4CCN(CC4)C5=NC=C(C=N5)C(=O)NO)OC)OC,0.409
1648,164624250,CC1=CC=C(O1)C2=NC3=CC(=C(C=C3C(=C2)NCC4CCN(CC4)CC5=CC=C(S5)C(=O)NO)OC)OC,
1649,142495344,CC1=CC=C(O1)C2=NC3=CC(=C(C=C3C(=C2)NCC4CCN(CC4)C5CCC(CC5)C(=O)NO)OC)OCCCN6CCCC6,
1650,142495302,CC1=CC(=C2C=C(C(=CC2=N1)OCCCN3CCCC3)OC)NCC4CCN(CC4)C5=NC=C(C=N5)C(=O)NO,
1651,142495308,CC1=CC=C(O1)C2=NC3=CC(=C(C=C3C(=C2)NCC4=CC=C(C=C4)C5=CC=C(C=C5)C(=O)NO)OC)OCCCN6CCCC6,
1652,142495399,CC1=CC=C(O1)C2=NC3=CC(=C(C=C3C(=C2)NCC4C5CCC4CN(C5)C6=NC=C(C=N6)C(=O)NO)OC)OC,0.125
1653,142495400,CC1=CC=C(O1)C2=NC3=CC(=C(C=C3C(=C2)NCC4CCN(CC4)C5=NC=C(C=N5)C(=O)NO)OC)OCC6CCNCC6,
1654,142495350,CC1=CC=C(O1)C2=NC3=CC(=C(C=C3C(=C2)NCC4CCN(CC4)C5CC(C5)C(=O)NO)OC)OC,
1655,5311,C1=CC=C(C=C1)NC(=O)CCCCCCC(=O)NO,0.096
1656,44431499,C1=CC=C(C=C1)CC(CCCCCC(=O)NC2=CC=CC=C2)C(=O)NO,110
1657,49850262,CN1CCC2=C(C1)C3=CC=CC=C3N2CC4=CC=C(C=C4)C(=O)NO,3.9
1658,134136160,CCCCCCC(CCCCCC(=O)NC1=CC=CC=C1)C(=O)NO,580
1659,134143927,CCCCCC(CCCCCC(=O)NC1=CC=CC=C1)C(=O)NO,58
1660,134156853,CCCCCCC(CCCCCC(=O)NC1=CC=CC=C1)C(=O)NO,180
1661,134158029,CCCCCCC(CCCCCC(=O)NC1=CC=CC=C1)C(=O)NO,
1662,5311,C1=CC=C(C=C1)NC(=O)CCCCCCC(=O)NO,0.096
1663,49850262,CN1CCC2=C(C1)C3=CC=CC=C3N2CC4=CC=C(C=C4)C(=O)NO,3.9
1664,24753719,COC1=CC=C(C=C1)CN2C=CC3=C2C=C(C=C3)C(=O)NO,
1665,134283810,CCCCCCC(CCCC(=O)NC1=CC=CC=C1)CCC(=O)NO,38
1666,134283792,CCCCC(CCCC(=O)NC1=CC=CC=C1)CCC(=O)NO,18
1667,134283800,C1=CC=C(C=C1)CC(CCCC(=O)NC2=CC=CC=C2)CCC(=O)NO,36
1668,134283813,C1=CC=C(C=C1)CC(CCCC(=O)NC2=CC=CC=C2)CCC(=O)NO,32
1669,134283796,C1=CC=C(C=C1)CC(CCCC(=O)NC2=CC=CC=C2)CCC(=O)NO,51
1670,134283799,CCC(CCCC(=O)NC1=CC=CC=C1)CCC(=O)NO,4.9
1671,145994016,C1=CC=C(C=C1)C(CCCC(=O)NC2=CC=CC=C2)CCC(=O)NO,12
1672,5311,C1=CC=C(C=C1)NC(=O)CCCCCCC(=O)NO,0.096
1673,137637915,CCCCCCC(CCCC(=O)NO)CCC(=O)NC1=CC=CC=C1,2.5
1674,137641520,CCCCC(CCCC(=O)NO)CCC(=O)NC1=CC=CC=C1,1.3
1675,137657845,C1=CC=C(C=C1)CC(CCCC(=O)NO)CCC(=O)NC2=CC=CC=C2,3.5
1676,5311,C1=CC=C(C=C1)NC(=O)CCCCCCC(=O)NO,0.1
1677,15986510,C1=CC(=CC=C1/C=C/C(=O)NO)C2=CC=C(C=C2)C#N,0.33
1678,42630933,CN(C)C1=CC=C(C=C1)C2=CC=C(C=C2)/C=C/C(=O)NO,> 5
1679,42632491,C1=CC(=CC=C1/C=C/C(=O)NO)C2=CC3=C(C=C2)NC=C3,1.2
1680,42632614,C1=CC=C(C=C1)C2=CC=C(C=C2)/C=C/C=C/C(=O)NO,> 5
1681,42631047,COC1=CC=C(C=C1)C2=CC=C(C=C2)/C=C/C=C/C(=O)NO,> 5
1682,42632370,C1=CC(=CC(=C1)C2=CC=C(C=C2)O)/C=C/C(=O)NO,0.32
1683,15986507,C1=CC(=CC=C1/C=C/C(=O)NO)C2=CC(=C(C=C2)O)Cl,0.46
1684,42630930,C1=CC(=CC=C1/C=C/C(=O)NO)C2=CC=NC=C2,> 5
1685,42631048,C1=CC(=CC=C1/C=C/C=C/C(=O)NO)C2=CC=C(C=C2)C#N,1.2
1686,42632368,C1=CC=C(C=C1)C2=CC=C(C=C2)/C=C/C(=O)NO,0.82
1687,15986509,COC1=CC=C(C=C1)C2=CC=C(C=C2)/C=C/C(=O)NO,1.16
1688,42630932,C1=CSC(=C1)C2=CC=C(C=C2)/C=C/C(=O)NO,0.45
1689,42632369,C1=CC=C(C=C1)C2=CC=C(C=C2)O/C=C/C(=O)NO,
1690,42632371,C1CC(CCC1/C=C/C(=O)NO)C2=CC=C(C=C2)O,0.31
1691,15986418,C1=CC(=CC=C1/C=C/C(=O)NO)C2=CC=C(C=C2)O,0.59
1692,15986506,C1=CC(=CC=C1CO)C2=CC=C(C=C2)/C=C/C(=O)NO,0.22
1693,42630929,C1=CC(=CC=C1CCC(=O)NO)C2=CC=C(C=C2)O,1.7
1694,22915475,C1=CC=C(C=C1)C2=CC=C(C=C2)CCCCC(=O)NO,0.72
1695,42631148,C1CC(CCC1CCC(=O)NO)C2=CC=C(C=C2)O,
1696,15986508,C1=CC(=CC=C1/C=C/C(=O)NO)C2=CC=C(C=C2)Cl,1.86
1697,42630931,C1=CC(=CC=C1/C=C/C(=O)NO)C2=CC=C(C=C2)C=O,
1698,5311,C1=CC=C(C=C1)NC(=O)CCCCCCC(=O)NO,0.1
1699,444732,CC(C=C(C)C=CC(=O)NO)C(=O)C1=CC=C(C=C1)N(C)C,0.068
1700,53361475,C1=CC(=CC=C1C2=CC(=NO2)C(=O)NCCCCCCC(=O)NO)NC(=O)C3=CC(=CC(=C3)CN=[N+]=[N-])N=[N+]=[N-],0.78
1701,53361474,C1=C(C=C(C=C1CN2C=C(C=N2)NC(=O)CCCCCCC(=O)NO)N=[N+]=[N-])CN=[N+]=[N-],1
1702,,,
1703,,,
1704,,,
1705,,,
1706,,,
1707,,,
1708,,,
1709,,,
1710,,,
1711,,,
1712,,,
1713,,,
1714,,,
1715,,,
1716,,,
1717,,,
1718,,,
1719,,,
1720,,,
1721,,,
1722,,,
1723,,,
1724,,,
1725,,,
1726,,,
1727,,,
1728,,,
1729,,,
1730,,,
1731,,,
1732,,,
1733,,,
1734,,,
1735,,,
1736,,,
1737,,,
1738,,,
1739,,,
1740,,,
1741,,,
1742,,,
1743,,,
1744,,,
1745,,,
1746,,,
1747,,,
1748,,,
1749,,,
1750,,,
1751,,,
1752,,,
1753,,,
1754,,,
1755,,,
1756,,,
1757,,,
1758,,,
1759,,,
1760,,,
1761,,,
1762,,,
1763,,,
1764,,,
1765,,,
1766,,,
1767,,,
1768,,,
1769,,,
1770,,,
1771,,,
1772,,,
1773,,,
1774,,,
1775,,,
1776,,,
1777,,,
1778,,,
1779,,,
1780,,,
1781,,,
1782,,,
1783,,,
1784,,,
1785,,,
1786,,,
1787,,,
1788,,,
1789,,,
1790,,,
1791,,,
1792,,,
1793,,,
1794,,,
1795,,,
1796,,,
1797,,,
1798,,,
1799,,,
1800,,,
1801,,,
1802,,,
1803,,,
1804,,,
1805,,,
1806,,,
1807,,,
1808,,,
1809,,,
1810,,,
1811,,,
1812,,,
1813,,,
1814,,,
1815,,,
1816,,,
1817,,,
1818,,,
1819,,,
1820,,,
1821,,,
1822,,,
1823,,,
1824,,,
1825,,,
1826,,,
1827,,,
1828,,,
1829,,,
1830,,,
1831,,,
1832,,,
1833,,,
1834,,,
1835,,,
1836,,,
1837,,,
1838,,,
1839,,,
1840,,,
1841,,,
1842,,,
1843,,,
1844,,,
1845,,,
1846,,,
1847,,,
1848,,,
1849,,,
1850,,,
1851,,,
1852,,,
1853,,,
1854,,,
1855,,,
1856,,,
1857,,,
1858,,,
1859,,,
1860,,,
1861,,,
1862,,,
1863,,,
1864,,,
1865,,,
1866,,,
1867,,,
1868,,,
1869,,,
1870,,,
1871,,,
1872,,,
1873,,,
1874,,,
1875,,,
1876,,,
1877,,,
1878,,,
1879,,,
1880,,,
1881,,,
1882,,,
1883,,,
1884,,,
1885,,,
1886,,,
1887,,,
1888,,,
1889,,,
1890,,,
1891,,,
1892,,,
1893,,,
1894,,,
1895,,,
1896,,,
1897,,,
1898,,,
1899,,,
1900,,,
1901,,,
1902,,,
1903,,,
1904,,,
1905,,,
1906,,,
1907,,,
1908,,,
1909,,,
1910,,,
1911,,,
1912,,,
1913,,,
1914,,,
1915,,,
1916,,,
1917,,,
1918,,,
1919,,,
1920,,,
1921,,,
1922,,,
1923,,,
1924,,,
1925,,,
1926,,,
1927,,,
1928,,,
1929,,,
1930,,,
1931,,,
1932,,,
1933,,,
1934,,,
1935,,,
1936,,,
1937,,,
1938,,,
1939,,,
1940,,,
1941,,,
1942,,,
1943,,,
1944,,,
1945,,,
1946,,,
1947,,,
1948,,,
1949,,,
1950,,,
1951,,,
1952,,,
1953,,,
1954,,,
1955,,,
1956,,,
1957,,,
1958,,,
1959,,,
1960,,,
1961,,,
1962,,,
1963,,,
1964,,,
1965,,,
1966,,,
1967,,,
1968,,,
1969,,,
1970,,,
1971,,,
1972,,,
1973,,,
1974,,,
1975,,,
1976,,,
1977,,,
1978,,,
1979,,,
1980,,,
1981,,,
1982,,,
1983,,,
1984,,,
1985,,,
1986,,,
1987,,,
1988,,,
